0 0.734375 0.738281 0.740234 0.736328 0.755859 0.736328 0.757812 0.734375 0.765625 0.734375 0.787109 0.728516 0.804688 0.728516 0.806641 0.730469 0.824219 0.732422 0.847656 0.724609 0.853516 0.716797 0.843750 0.710938 0.781250 0.710938 0.779297 0.712891 0.763672 0.712891 0.761719 0.714844 0.736328 0.718750 0.734375 0.720703
0 0.998047 0.718750 0.998047 0.695312 0.947266 0.697266 0.945312 0.699219 0.908203 0.699219 0.906250 0.701172 0.896484 0.701172 0.884766 0.707031 0.898438 0.716797 0.914062 0.716797 0.916016 0.718750 0.937500 0.718750 0.939453 0.716797
0 0.341797 0.328125 0.376953 0.341797 0.414062 0.345703 0.421875 0.355469 0.435547 0.347656 0.433594 0.382812 0.423828 0.412109 0.427734 0.529297 0.494141 0.521484 0.500000 0.466797 0.494141 0.349609 0.435547 0.347656 0.433594 0.339844 0.421875 0.333984
0 0.097656 0.345703 0.097656 0.341797 0.091797 0.339844 0.082031 0.332031 0.083984 0.330078 0.083984 0.324219 0.085938 0.322266 0.083984 0.318359 0.068359 0.318359 0.060547 0.332031 0.027344 0.332031 0.021484 0.337891 0.021484 0.341797 0.025391 0.345703 0.025391 0.347656 0.037109 0.347656 0.039062 0.349609 0.056641 0.349609 0.064453 0.355469 0.082031 0.355469 0.083984 0.357422 0.091797 0.357422
0 0.593750 0.175781 0.593750 0.179688 0.591797 0.181641 0.591797 0.210938 0.593750 0.212891 0.593750 0.218750 0.595703 0.220703 0.595703 0.224609 0.597656 0.226562 0.597656 0.228516 0.617188 0.228516 0.623047 0.224609 0.623047 0.222656 0.626953 0.216797 0.626953 0.214844 0.625000 0.212891 0.625000 0.199219 0.623047 0.197266 0.621094 0.197266 0.601562 0.179688 0.599609 0.179688 0.595703 0.175781
0 0.419922 0.167969 0.398438 0.179688 0.390625 0.201172 0.375000 0.218750 0.369141 0.234375 0.373047 0.271484 0.369141 0.306641 0.376953 0.320312 0.390625 0.330078 0.402344 0.320312 0.384766 0.289062 0.386719 0.263672 0.406250 0.244141 0.427734 0.238281 0.486328 0.244141 0.470703 0.191406 0.433594 0.214844 0.414062 0.193359
0 0.845703 0.179688 0.765625 0.166016 0.685547 0.173828 0.658203 0.195312 0.644531 0.224609 0.654297 0.244141 0.693359 0.251953 0.707031 0.267578 0.574219 0.232422 0.542969 0.242188 0.513672 0.230469 0.527344 0.285156 0.505859 0.332031 0.533203 0.337891 0.556641 0.328125 0.539062 0.304688 0.580078 0.263672 0.611328 0.267578 0.654297 0.296875 0.685547 0.292969 0.714844 0.304688 0.730469 0.332031 0.722656 0.359375 0.814453 0.361328 0.824219 0.308594 0.761719 0.279297 0.751953 0.250000 0.789062 0.226562 0.828125 0.224609 0.841797 0.212891
0 0.498047 0.142578 0.492188 0.150391 0.492188 0.195312 0.494141 0.197266 0.494141 0.201172 0.496094 0.203125 0.498047 0.208984 0.503906 0.208984 0.509766 0.205078 0.509766 0.203125 0.519531 0.185547 0.511719 0.177734 0.511719 0.175781 0.503906 0.162109 0.503906 0.158203 0.501953 0.156250 0.501953 0.150391 0.500000 0.148438 0.500000 0.144531
0 0.951172 0.099609 0.951172 0.103516 0.949219 0.105469 0.949219 0.111328 0.947266 0.113281 0.947266 0.117188 0.949219 0.117188 0.951172 0.119141 0.955078 0.119141 0.957031 0.121094 0.964844 0.121094 0.966797 0.119141 0.968750 0.119141 0.968750 0.109375 0.970703 0.107422 0.970703 0.099609
0 0.318359 0.044922 0.298828 0.097656 0.253906 0.115234 0.242188 0.142578 0.242188 0.164062 0.257812 0.181641 0.285156 0.185547 0.300781 0.175781 0.310547 0.130859 0.326172 0.130859 0.337891 0.154297 0.326172 0.173828 0.322266 0.205078 0.332031 0.228516 0.353516 0.232422 0.365234 0.195312 0.384766 0.164062 0.402344 0.152344 0.431641 0.158203 0.433594 0.125000 0.408203 0.119141 0.384766 0.103516 0.347656 0.117188 0.339844 0.068359
1 0.818359 0.353516 0.835938 0.363281 0.898438 0.371094 0.919922 0.357422 0.937500 0.335938 0.949219 0.361328 0.994141 0.353516 0.994141 0.316406 0.974609 0.332031 0.953125 0.330078 0.935547 0.324219 0.919922 0.310547 0.876953 0.285156 0.845703 0.292969 0.824219 0.318359
1 0.541016 0.304688 0.558594 0.326172 0.558594 0.347656 0.654297 0.351562 0.701172 0.359375 0.718750 0.345703 0.722656 0.322266 0.708984 0.304688 0.683594 0.296875 0.652344 0.302734 0.638672 0.285156 0.609375 0.271484 0.564453 0.273438 0.548828 0.289062
1 0.390625 0.267578 0.386719 0.287109 0.404297 0.320312 0.400391 0.324219 0.402344 0.330078 0.458984 0.335938 0.501953 0.335938 0.509766 0.310547 0.523438 0.289062 0.519531 0.250000 0.511719 0.244141 0.500000 0.242188 0.474609 0.246094 0.453125 0.240234 0.437500 0.240234 0.414062 0.246094
1 0.371094 0.271484 0.361328 0.250000 0.341797 0.234375 0.326172 0.244141 0.308594 0.240234 0.298828 0.250000 0.289062 0.228516 0.246094 0.199219 0.214844 0.191406 0.185547 0.224609 0.167969 0.212891 0.138672 0.210938 0.070312 0.232422 0.052734 0.253906 0.033203 0.253906 0.021484 0.228516 0.001953 0.228516 0.000000 0.300781 0.011719 0.310547 0.052734 0.310547 0.052734 0.294922 0.064453 0.285156 0.109375 0.306641 0.177734 0.320312 0.220703 0.302734 0.281250 0.310547 0.367188 0.300781
1 0.423828 0.185547 0.423828 0.187500 0.421875 0.189453 0.421875 0.191406 0.419922 0.193359 0.419922 0.197266 0.427734 0.205078 0.427734 0.207031 0.429688 0.207031 0.431641 0.208984 0.433594 0.208984 0.435547 0.210938 0.437500 0.208984 0.439453 0.208984 0.441406 0.207031 0.441406 0.205078 0.443359 0.203125 0.443359 0.189453 0.445312 0.187500 0.435547 0.187500 0.433594 0.185547
1 0.314453 0.136719 0.314453 0.146484 0.312500 0.148438 0.312500 0.162109 0.308594 0.166016 0.308594 0.167969 0.306641 0.169922 0.308594 0.171875 0.318359 0.171875 0.320312 0.173828 0.324219 0.173828 0.326172 0.171875 0.326172 0.169922 0.330078 0.166016 0.330078 0.164062 0.332031 0.162109 0.330078 0.160156 0.330078 0.158203 0.328125 0.156250 0.328125 0.152344 0.326172 0.150391 0.326172 0.148438 0.324219 0.146484 0.324219 0.144531 0.320312 0.140625 0.318359 0.140625
