0 0.839844 0.625000 0.818359 0.662109 0.812500 0.640625 0.804688 0.640625 0.781250 0.675781 0.664062 0.746094 0.634766 0.779297 0.582031 0.802734 0.525391 0.845703 0.437500 0.876953 0.423828 0.892578 0.427734 0.916016 0.412109 0.910156 0.412109 0.949219 0.445312 0.953125 0.464844 0.943359 0.496094 0.912109 0.841797 0.677734
0 0.798828 0.599609 0.789062 0.578125 0.763672 0.580078 0.736328 0.566406 0.716797 0.605469 0.490234 0.695312 0.472656 0.712891 0.486328 0.751953 0.468750 0.777344 0.427734 0.769531 0.410156 0.732422 0.324219 0.771484 0.335938 0.789062 0.425781 0.830078 0.517578 0.796875 0.492188 0.751953 0.490234 0.716797 0.576172 0.720703 0.685547 0.683594 0.691406 0.660156 0.724609 0.636719 0.755859 0.642578 0.796875 0.630859
0 0.177734 0.498047 0.167969 0.492188 0.162109 0.492188 0.158203 0.494141 0.142578 0.509766 0.134766 0.509766 0.132812 0.507812 0.119141 0.503906 0.109375 0.515625 0.109375 0.527344 0.115234 0.531250 0.115234 0.535156 0.117188 0.537109 0.117188 0.544922 0.126953 0.550781 0.134766 0.544922 0.140625 0.542969 0.142578 0.535156 0.146484 0.529297 0.156250 0.529297 0.162109 0.525391 0.166016 0.525391 0.177734 0.511719
0 0.679688 0.494141 0.675781 0.484375 0.667969 0.482422 0.654297 0.494141 0.601562 0.515625 0.593750 0.501953 0.578125 0.503906 0.564453 0.490234 0.537109 0.498047 0.501953 0.544922 0.464844 0.546875 0.443359 0.562500 0.400391 0.546875 0.388672 0.556641 0.402344 0.583984 0.431641 0.601562 0.568359 0.550781 0.671875 0.541016
0 0.615234 0.287109 0.578125 0.289062 0.570312 0.314453 0.539062 0.304688 0.529297 0.314453 0.533203 0.337891 0.527344 0.351562 0.535156 0.390625 0.535156 0.427734 0.562500 0.390625 0.580078 0.498047 0.595703 0.492188 0.605469 0.414062 0.597656 0.332031
0 0.271484 0.265625 0.261719 0.267578 0.250000 0.287109 0.250000 0.291016 0.251953 0.292969 0.251953 0.345703 0.253906 0.347656 0.259766 0.376953 0.269531 0.365234 0.269531 0.339844 0.267578 0.337891 0.267578 0.279297 0.269531 0.277344
0 0.310547 0.261719 0.302734 0.306641 0.291016 0.335938 0.291016 0.367188 0.300781 0.410156 0.316406 0.429688 0.328125 0.384766 0.332031 0.333984 0.341797 0.310547 0.324219 0.269531
0 0.269531 0.177734 0.273438 0.183594 0.283203 0.189453 0.296875 0.189453 0.306641 0.195312 0.314453 0.203125 0.324219 0.224609 0.328125 0.218750 0.330078 0.195312 0.335938 0.183594 0.345703 0.175781 0.355469 0.171875 0.361328 0.171875 0.369141 0.167969 0.369141 0.166016 0.281250 0.162109 0.269531 0.167969
0 0.427734 0.156250 0.412109 0.156250 0.410156 0.154297 0.406250 0.154297 0.398438 0.158203 0.382812 0.169922 0.382812 0.175781 0.380859 0.177734 0.380859 0.183594 0.378906 0.185547 0.378906 0.191406 0.376953 0.193359 0.376953 0.199219 0.375000 0.201172 0.375000 0.208984 0.373047 0.210938 0.382812 0.220703 0.392578 0.220703 0.394531 0.218750 0.400391 0.218750 0.404297 0.216797 0.408203 0.212891 0.412109 0.205078 0.425781 0.191406 0.425781 0.185547 0.427734 0.183594 0.427734 0.177734 0.429688 0.175781
0 0.271484 0.121094 0.259766 0.119141 0.257812 0.121094 0.240234 0.123047 0.234375 0.132812 0.214844 0.150391 0.207031 0.175781 0.208984 0.177734 0.210938 0.199219 0.218750 0.212891 0.236328 0.210938 0.236328 0.199219 0.240234 0.183594 0.238281 0.179688 0.238281 0.166016 0.248047 0.160156 0.257812 0.160156 0.259766 0.162109 0.281250 0.144531 0.279297 0.142578 0.279297 0.128906
1 0.699219 0.507812 0.681641 0.494141 0.671875 0.542969 0.568359 0.552734 0.431641 0.603516 0.365234 0.546875 0.394531 0.628906 0.367188 0.583984 0.343750 0.572266 0.324219 0.632812 0.351562 0.681641 0.322266 0.685547 0.318359 0.703125 0.359375 0.708984 0.345703 0.730469 0.365234 0.748047 0.417969 0.722656 0.425781 0.705078 0.416016 0.675781 0.462891 0.662109 0.472656 0.710938 0.593750 0.646484 0.697266 0.613281 0.726562 0.585938
1 0.359375 0.484375 0.351562 0.478516 0.341797 0.486328 0.324219 0.488281 0.275391 0.486328 0.251953 0.492188 0.207031 0.494141 0.201172 0.500000 0.208984 0.537109 0.222656 0.544922 0.345703 0.519531
1 0.572266 0.308594 0.572266 0.304688 0.570312 0.302734 0.570312 0.291016 0.558594 0.291016 0.556641 0.292969 0.544922 0.292969 0.542969 0.294922 0.531250 0.294922 0.529297 0.296875 0.517578 0.296875 0.523438 0.298828 0.527344 0.302734 0.535156 0.302734 0.537109 0.304688 0.539062 0.302734 0.541016 0.304688 0.544922 0.304688 0.546875 0.306641 0.550781 0.306641 0.552734 0.308594 0.558594 0.308594 0.560547 0.310547 0.570312 0.310547
