0 0.179688 0.625000 0.173828 0.685547 0.460938 0.802734 0.513672 0.769531 0.552734 0.771484 0.595703 0.750000 0.634766 0.744141 0.630859 0.687500 0.466797 0.712891 0.410156 0.689453 0.406250 0.669922 0.320312 0.644531 0.250000 0.640625 0.238281 0.625000 0.236328 0.595703 0.222656 0.625000
0 0.335938 0.343750 0.330078 0.347656 0.328125 0.357422 0.322266 0.365234 0.322266 0.373047 0.324219 0.375000 0.324219 0.380859 0.328125 0.384766 0.328125 0.386719 0.332031 0.390625 0.332031 0.392578 0.335938 0.396484 0.339844 0.404297 0.341797 0.404297 0.343750 0.390625 0.337891 0.380859 0.337891 0.376953 0.335938 0.375000 0.335938 0.367188 0.343750 0.361328 0.361328 0.359375 0.359375 0.357422 0.359375 0.351562 0.355469 0.345703 0.347656 0.345703 0.345703 0.343750
0 0.458984 0.324219 0.457031 0.333984 0.458984 0.363281 0.439453 0.382812 0.429688 0.406250 0.433594 0.412109 0.445312 0.419922 0.453125 0.437500 0.462891 0.435547 0.464844 0.431641 0.466797 0.369141 0.470703 0.365234 0.474609 0.367188 0.488281 0.386719 0.501953 0.386719 0.500000 0.378906 0.476562 0.339844
0 0.658203 0.300781 0.619141 0.308594 0.587891 0.285156 0.589844 0.353516 0.550781 0.398438 0.550781 0.447266 0.533203 0.400391 0.490234 0.392578 0.494141 0.468750 0.511719 0.470703 0.519531 0.513672 0.515625 0.544922 0.494141 0.574219 0.498047 0.640625 0.523438 0.537109 0.550781 0.509766 0.603516 0.570312 0.634766 0.564453 0.675781 0.576172 0.710938 0.605469 0.726562 0.560547 0.757812 0.542969 0.718750 0.417969 0.699219 0.416016 0.671875 0.367188 0.644531 0.367188 0.619141 0.335938 0.648438 0.330078
0 0.564453 0.253906 0.556641 0.253906 0.529297 0.281250 0.529297 0.283203 0.525391 0.287109 0.525391 0.291016 0.539062 0.316406 0.544922 0.316406 0.546875 0.318359 0.546875 0.310547 0.548828 0.308594 0.548828 0.296875 0.550781 0.294922 0.552734 0.285156 0.564453 0.271484
0 0.660156 0.238281 0.654297 0.253906 0.656250 0.283203 0.658203 0.287109 0.667969 0.292969 0.691406 0.298828 0.703125 0.310547 0.712891 0.330078 0.734375 0.330078 0.722656 0.292969 0.710938 0.273438 0.701172 0.273438 0.685547 0.277344 0.675781 0.267578 0.671875 0.251953
0 0.462891 0.220703 0.458984 0.220703 0.457031 0.222656 0.441406 0.222656 0.441406 0.230469 0.439453 0.232422 0.439453 0.236328 0.437500 0.238281 0.421875 0.238281 0.419922 0.240234 0.419922 0.242188 0.414062 0.250000 0.414062 0.251953 0.416016 0.253906 0.416016 0.257812 0.431641 0.257812 0.433594 0.259766 0.437500 0.259766 0.443359 0.253906 0.445312 0.253906 0.449219 0.250000 0.451172 0.250000 0.457031 0.244141 0.466797 0.244141 0.464844 0.242188 0.464844 0.224609 0.462891 0.222656
0 0.000000 0.146484 0.001953 0.156250 0.251953 0.224609 0.240234 0.214844 0.109375 0.173828
0 0.691406 0.105469 0.669922 0.105469 0.669922 0.113281 0.667969 0.115234 0.667969 0.125000 0.677734 0.134766 0.679688 0.132812 0.679688 0.130859 0.681641 0.128906 0.681641 0.126953 0.683594 0.125000 0.683594 0.123047 0.685547 0.121094 0.685547 0.117188 0.687500 0.115234 0.687500 0.113281 0.689453 0.111328 0.689453 0.109375 0.691406 0.107422
0 0.003906 0.052734 0.000000 0.119141 0.005859 0.130859 0.097656 0.162109 0.154297 0.156250 0.164062 0.166016 0.316406 0.224609 0.382812 0.210938 0.406250 0.218750 0.408203 0.201172 0.361328 0.175781
0 0.582031 0.003906 0.578125 0.011719 0.578125 0.039062 0.576172 0.041016 0.576172 0.062500 0.574219 0.066406 0.626953 0.082031 0.652344 0.082031 0.652344 0.070312 0.664062 0.041016 0.667969 0.021484 0.664062 0.000000 0.589844 0.000000
1 0.597656 0.580078 0.607422 0.611328 0.619141 0.625000 0.708984 0.640625 0.724609 0.630859 0.712891 0.609375 0.707031 0.609375 0.673828 0.578125 0.634766 0.568359 0.621094 0.568359 0.603516 0.572266
1 0.242188 0.593750 0.248047 0.636719 0.320312 0.642578 0.425781 0.675781 0.404297 0.677734 0.410156 0.687500 0.466797 0.708984 0.628906 0.681641 0.664062 0.664062 0.636719 0.648438 0.570312 0.675781 0.523438 0.673828 0.490234 0.634766 0.470703 0.644531 0.482422 0.656250 0.484375 0.685547 0.458984 0.685547 0.439453 0.675781 0.457031 0.628906 0.453125 0.593750 0.425781 0.603516 0.402344 0.580078 0.382812 0.591797 0.367188 0.578125 0.341797 0.591797 0.328125 0.572266 0.320312 0.517578 0.275391 0.609375 0.261719 0.613281 0.257812 0.595703
1 0.425781 0.335938 0.414062 0.335938 0.378906 0.351562 0.365234 0.353516 0.361328 0.361328 0.359375 0.378906 0.369141 0.376953 0.384766 0.369141 0.388672 0.369141 0.398438 0.376953 0.396484 0.410156 0.402344 0.417969 0.408203 0.402344 0.414062 0.394531 0.425781 0.417969 0.427734 0.416016 0.435547 0.367188 0.427734 0.359375 0.423828 0.345703
1 0.519531 0.205078 0.513672 0.208984 0.509766 0.216797 0.509766 0.220703 0.500000 0.226562 0.498047 0.230469 0.501953 0.238281 0.509766 0.246094 0.509766 0.250000 0.513672 0.257812 0.507812 0.265625 0.511719 0.275391 0.513672 0.277344 0.531250 0.277344 0.533203 0.275391 0.531250 0.267578 0.533203 0.265625 0.541016 0.265625 0.548828 0.257812 0.548828 0.251953 0.542969 0.242188 0.539062 0.242188 0.533203 0.238281 0.535156 0.236328 0.533203 0.218750 0.531250 0.214844 0.521484 0.205078
2 0.769531 0.542969 0.759766 0.546875 0.750000 0.546875 0.738281 0.552734 0.726562 0.570312 0.718750 0.601562 0.718750 0.617188 0.724609 0.628906 0.746094 0.634766 0.791016 0.634766 0.796875 0.628906 0.808594 0.623047 0.802734 0.609375 0.787109 0.605469 0.777344 0.591797 0.777344 0.560547
2 0.550781 0.513672 0.529297 0.529297 0.511719 0.574219 0.501953 0.621094 0.505859 0.630859 0.501953 0.652344 0.513672 0.666016 0.552734 0.675781 0.585938 0.669922 0.621094 0.658203 0.630859 0.648438 0.607422 0.621094 0.595703 0.580078 0.595703 0.562500 0.591797 0.564453 0.572266 0.542969 0.568359 0.523438
