0 0.435547 0.662109 0.410156 0.669922 0.408203 0.673828 0.408203 0.691406 0.404297 0.701172 0.398438 0.708984 0.398438 0.720703 0.400391 0.722656 0.400391 0.728516 0.404297 0.734375 0.404297 0.738281 0.406250 0.738281 0.412109 0.744141 0.433594 0.742188 0.441406 0.738281 0.449219 0.730469 0.449219 0.720703 0.451172 0.718750 0.449219 0.714844 0.449219 0.705078 0.443359 0.695312 0.443359 0.677734 0.441406 0.675781 0.441406 0.669922
0 0.134766 0.673828 0.132812 0.730469 0.392578 0.865234 0.417969 0.867188 0.460938 0.833984 0.507812 0.828125 0.587891 0.792969 0.578125 0.730469 0.414062 0.781250 0.322266 0.718750 0.298828 0.716797 0.261719 0.695312 0.201172 0.691406 0.185547 0.681641 0.199219 0.666016 0.222656 0.666016 0.240234 0.650391 0.197266 0.638672 0.171875 0.666016
0 0.283203 0.388672 0.281250 0.396484 0.279297 0.398438 0.279297 0.402344 0.275391 0.408203 0.283203 0.425781 0.287109 0.429688 0.298828 0.453125 0.302734 0.453125 0.304688 0.443359 0.298828 0.429688 0.291016 0.419922 0.291016 0.410156 0.292969 0.408203 0.314453 0.408203 0.320312 0.404297 0.322266 0.396484 0.314453 0.394531 0.312500 0.392578 0.306641 0.392578 0.304688 0.390625 0.291016 0.390625 0.289062 0.388672
0 0.408203 0.392578 0.410156 0.425781 0.392578 0.431641 0.380859 0.457031 0.365234 0.449219 0.355469 0.458984 0.361328 0.486328 0.384766 0.505859 0.433594 0.435547 0.449219 0.447266 0.445312 0.517578 0.464844 0.519531 0.468750 0.544922 0.486328 0.529297 0.513672 0.542969 0.564453 0.658203 0.675781 0.673828 0.687500 0.595703 0.675781 0.583984 0.720703 0.572266 0.679688 0.449219 0.660156 0.443359 0.638672 0.398438 0.611328 0.400391 0.574219 0.363281 0.619141 0.339844 0.578125 0.339844 0.554688 0.320312 0.541016 0.332031 0.541016 0.388672 0.515625 0.423828 0.507812 0.503906 0.490234 0.451172
0 0.615234 0.267578 0.613281 0.285156 0.617188 0.294922 0.617188 0.316406 0.628906 0.326172 0.648438 0.330078 0.660156 0.341797 0.660156 0.357422 0.662109 0.361328 0.673828 0.367188 0.687500 0.361328 0.691406 0.357422 0.679688 0.333984 0.677734 0.312500 0.666016 0.304688 0.664062 0.306641 0.652344 0.306641 0.638672 0.300781 0.632812 0.292969 0.625000 0.267578 0.623047 0.265625
0 0.003906 0.158203 0.000000 0.203125 0.005859 0.226562 0.044922 0.230469 0.101562 0.224609 0.171875 0.253906 0.250000 0.277344 0.324219 0.277344 0.320312 0.242188
0 0.625000 0.132812 0.625000 0.136719 0.626953 0.138672 0.626953 0.148438 0.628906 0.150391 0.628906 0.160156 0.632812 0.160156 0.634766 0.162109 0.636719 0.162109 0.638672 0.164062 0.640625 0.164062 0.640625 0.162109 0.642578 0.160156 0.642578 0.158203 0.644531 0.156250 0.644531 0.154297 0.646484 0.152344 0.646484 0.150391 0.648438 0.148438 0.648438 0.146484 0.646484 0.144531 0.644531 0.144531 0.642578 0.142578 0.640625 0.142578 0.638672 0.140625 0.636719 0.140625 0.634766 0.138672 0.632812 0.138672 0.630859 0.136719 0.628906 0.136719
0 0.531250 0.003906 0.519531 0.015625 0.515625 0.042969 0.533203 0.105469 0.574219 0.082031 0.572266 0.121094 0.589844 0.136719 0.599609 0.128906 0.609375 0.101562 0.617188 0.039062 0.597656 0.037109 0.589844 0.029297 0.605469 0.003906 0.597656 0.007812
1 0.189453 0.679688 0.201172 0.689453 0.261719 0.693359 0.322266 0.716797 0.410156 0.775391 0.523438 0.748047 0.611328 0.708984 0.597656 0.699219 0.560547 0.720703 0.500000 0.738281 0.451172 0.714844 0.449219 0.738281 0.437500 0.748047 0.406250 0.744141 0.390625 0.712891 0.406250 0.687500 0.408203 0.658203 0.400391 0.648438 0.384766 0.652344 0.308594 0.628906 0.294922 0.611328 0.283203 0.558594 0.248047 0.646484 0.222656 0.667969 0.199219 0.667969
1 0.503906 0.537109 0.482422 0.535156 0.470703 0.548828 0.476562 0.568359 0.474609 0.580078 0.455078 0.617188 0.441406 0.664062 0.447266 0.697266 0.455078 0.689453 0.453125 0.666016 0.457031 0.646484 0.488281 0.580078 0.494141 0.574219 0.509766 0.576172 0.525391 0.587891 0.529297 0.585938 0.509766 0.541016
1 0.322266 0.400391 0.320312 0.406250 0.320312 0.419922 0.326172 0.419922 0.337891 0.414062 0.349609 0.414062 0.351562 0.416016 0.349609 0.427734 0.347656 0.429688 0.349609 0.433594 0.349609 0.451172 0.357422 0.455078 0.369141 0.445312 0.380859 0.455078 0.382812 0.437500 0.386719 0.429688 0.386719 0.410156 0.378906 0.402344 0.376953 0.390625 0.333984 0.392578
1 0.466797 0.248047 0.458984 0.257812 0.457031 0.267578 0.455078 0.269531 0.455078 0.277344 0.447266 0.287109 0.458984 0.294922 0.458984 0.298828 0.455078 0.304688 0.453125 0.312500 0.464844 0.318359 0.468750 0.318359 0.480469 0.333984 0.503906 0.312500 0.503906 0.298828 0.500000 0.289062 0.488281 0.283203 0.486328 0.261719 0.476562 0.251953
2 0.492188 0.580078 0.484375 0.589844 0.458984 0.646484 0.458984 0.691406 0.455078 0.712891 0.472656 0.728516 0.500000 0.736328 0.550781 0.722656 0.589844 0.703125 0.591797 0.699219 0.576172 0.687500 0.556641 0.683594 0.552734 0.677734 0.550781 0.660156 0.556641 0.644531 0.552734 0.617188 0.541016 0.599609 0.513672 0.583984
2 0.714844 0.576172 0.693359 0.589844 0.679688 0.636719 0.679688 0.658203 0.699219 0.671875 0.738281 0.671875 0.755859 0.662109 0.751953 0.646484 0.744141 0.632812 0.744141 0.607422 0.740234 0.597656 0.740234 0.589844 0.730469 0.578125
