0 0.232422 0.804688 0.238281 0.814453 0.306641 0.816406 0.435547 0.744141 0.472656 0.716797 0.464844 0.712891 0.373047 0.761719 0.328125 0.771484 0.316406 0.767578 0.365234 0.742188 0.318359 0.742188 0.300781 0.708984 0.283203 0.707031 0.253906 0.742188
0 0.011719 0.458984 0.027344 0.539062 0.048828 0.554688 0.076172 0.541016 0.085938 0.523438 0.109375 0.517578 0.226562 0.550781 0.277344 0.546875 0.302734 0.562500 0.333984 0.570312 0.320312 0.554688 0.337891 0.542969 0.291016 0.521484 0.273438 0.523438 0.246094 0.496094
0 0.310547 0.380859 0.308594 0.380859 0.306641 0.382812 0.300781 0.384766 0.294922 0.390625 0.294922 0.392578 0.292969 0.394531 0.292969 0.400391 0.291016 0.402344 0.291016 0.408203 0.289062 0.410156 0.289062 0.416016 0.287109 0.417969 0.287109 0.425781 0.291016 0.425781 0.292969 0.427734 0.294922 0.427734 0.304688 0.433594 0.304688 0.431641 0.306641 0.429688 0.306641 0.425781 0.308594 0.423828 0.308594 0.419922 0.310547 0.417969 0.310547 0.412109 0.312500 0.410156 0.312500 0.402344 0.314453 0.400391 0.314453 0.398438 0.312500 0.396484 0.312500 0.382812
0 0.335938 0.318359 0.332031 0.318359 0.330078 0.320312 0.328125 0.320312 0.324219 0.324219 0.322266 0.324219 0.316406 0.330078 0.314453 0.330078 0.312500 0.332031 0.312500 0.339844 0.310547 0.341797 0.310547 0.345703 0.308594 0.347656 0.308594 0.353516 0.310547 0.355469 0.310547 0.361328 0.312500 0.363281 0.312500 0.367188 0.316406 0.371094 0.316406 0.373047 0.318359 0.375000 0.320312 0.375000 0.333984 0.361328 0.333984 0.359375 0.337891 0.355469 0.341797 0.345703 0.345703 0.341797 0.345703 0.339844 0.347656 0.337891 0.345703 0.335938 0.345703 0.333984 0.341797 0.330078 0.341797 0.328125 0.339844 0.326172 0.339844 0.324219 0.335938 0.320312
0 0.394531 0.193359 0.390625 0.193359 0.388672 0.191406 0.386719 0.191406 0.384766 0.189453 0.380859 0.189453 0.378906 0.187500 0.371094 0.187500 0.365234 0.191406 0.361328 0.191406 0.361328 0.195312 0.359375 0.197266 0.359375 0.244141 0.361328 0.246094 0.361328 0.250000 0.369141 0.244141 0.371094 0.244141 0.376953 0.238281 0.376953 0.236328 0.382812 0.230469 0.382812 0.228516 0.388672 0.222656 0.390625 0.216797 0.394531 0.212891
0 0.416016 0.087891 0.414062 0.089844 0.414062 0.091797 0.410156 0.097656 0.410156 0.101562 0.406250 0.107422 0.406250 0.113281 0.402344 0.119141 0.402344 0.123047 0.400391 0.125000 0.400391 0.128906 0.398438 0.130859 0.398438 0.134766 0.396484 0.136719 0.396484 0.142578 0.394531 0.144531 0.394531 0.150391 0.406250 0.162109 0.410156 0.158203 0.410156 0.156250 0.414062 0.152344 0.414062 0.150391 0.417969 0.144531 0.417969 0.130859 0.419922 0.128906 0.419922 0.125000 0.425781 0.115234 0.423828 0.097656 0.421875 0.095703 0.421875 0.093750
0 0.431641 0.007812 0.429688 0.007812 0.427734 0.009766 0.421875 0.009766 0.419922 0.011719 0.417969 0.011719 0.412109 0.017578 0.410156 0.017578 0.400391 0.027344 0.400391 0.044922 0.404297 0.044922 0.406250 0.042969 0.408203 0.042969 0.414062 0.039062 0.419922 0.039062 0.433594 0.025391 0.433594 0.013672 0.431641 0.011719
0 0.998047 0.000000 0.906250 0.005859 0.666016 0.287109 0.720703 0.265625 0.718750 0.328125 0.921875 0.414062 0.927734 0.441406 0.753906 0.382812 0.548828 0.496094 0.664062 0.361328 0.650391 0.341797 0.472656 0.515625 0.472656 0.486328 0.316406 0.666016 0.320312 0.732422 0.384766 0.679688 0.386719 0.638672 0.419922 0.683594 0.562500 0.634766 0.525391 0.675781 0.455078 0.681641 0.515625 0.703125 0.976562 0.472656
1 0.376953 0.531250 0.253906 0.501953 0.265625 0.515625 0.337891 0.541016 0.341797 0.546875 0.322266 0.554688 0.337891 0.570312 0.333984 0.574219 0.279297 0.552734 0.220703 0.554688 0.187500 0.541016 0.121094 0.529297 0.105469 0.519531 0.082031 0.541016 0.091797 0.550781 0.214844 0.566406 0.343750 0.593750 0.359375 0.562500 0.375000 0.558594
1 0.921875 0.417969 0.714844 0.332031 0.718750 0.267578 0.667969 0.291016 0.671875 0.261719 0.503906 0.449219 0.472656 0.513672 0.650391 0.339844 0.669922 0.351562 0.626953 0.384766 0.562500 0.458984 0.556641 0.498047 0.617188 0.470703 0.707031 0.390625 0.757812 0.380859 0.791016 0.408203 0.822266 0.402344 0.896484 0.439453 0.923828 0.435547
