0 0.730469 0.966797 0.728516 0.966797 0.726562 0.968750 0.724609 0.968750 0.724609 0.970703 0.722656 0.972656 0.718750 0.972656 0.716797 0.974609 0.714844 0.974609 0.712891 0.976562 0.710938 0.976562 0.708984 0.978516 0.707031 0.978516 0.707031 0.986328 0.708984 0.988281 0.708984 0.998047 0.722656 0.998047 0.724609 0.996094 0.740234 0.996094 0.740234 0.994141 0.738281 0.992188 0.738281 0.990234 0.734375 0.984375 0.734375 0.980469 0.732422 0.978516 0.732422 0.972656 0.730469 0.970703
0 0.107422 0.960938 0.083984 0.931641 0.052734 0.933594 0.048828 0.951172 0.042969 0.957031 0.001953 0.966797 0.000000 0.996094 0.029297 0.984375 0.046875 0.974609 0.072266 0.970703 0.074219 0.966797
0 0.789062 0.898438 0.783203 0.898438 0.781250 0.906250 0.781250 0.929688 0.779297 0.931641 0.775391 0.970703 0.771484 0.972656 0.767578 0.964844 0.763672 0.962891 0.755859 0.978516 0.765625 0.988281 0.765625 0.994141 0.779297 0.996094 0.779297 0.992188 0.789062 0.976562 0.798828 0.990234 0.796875 0.947266 0.794922 0.945312 0.794922 0.931641 0.791016 0.929688
0 0.109375 0.888672 0.107422 0.890625 0.105469 0.890625 0.103516 0.892578 0.101562 0.892578 0.099609 0.894531 0.097656 0.894531 0.097656 0.931641 0.107422 0.931641 0.109375 0.929688 0.117188 0.929688 0.117188 0.927734 0.115234 0.925781 0.115234 0.912109 0.113281 0.910156 0.113281 0.902344 0.111328 0.900391 0.111328 0.894531 0.109375 0.892578
0 0.716797 0.837891 0.712891 0.878906 0.751953 0.896484 0.750000 0.832031 0.742188 0.832031 0.740234 0.833984 0.732422 0.833984 0.730469 0.835938 0.722656 0.835938 0.720703 0.837891
0 0.136719 0.804688 0.117188 0.810547 0.115234 0.820312 0.119141 0.855469 0.132812 0.851562 0.136719 0.853516 0.134766 0.892578 0.140625 0.921875 0.142578 0.902344 0.146484 0.894531 0.175781 0.910156 0.177734 0.900391 0.185547 0.890625 0.187500 0.882812 0.173828 0.855469 0.158203 0.865234 0.154297 0.863281 0.150391 0.824219
0 0.183594 0.769531 0.183594 0.800781 0.164062 0.822266 0.169922 0.832031 0.171875 0.845703 0.189453 0.830078 0.193359 0.832031 0.193359 0.943359 0.203125 0.941406 0.216797 0.890625 0.222656 0.878906 0.214844 0.853516 0.218750 0.818359 0.208984 0.775391
0 0.728516 0.505859 0.714844 0.505859 0.695312 0.529297 0.695312 0.535156 0.675781 0.558594 0.681641 0.578125 0.707031 0.564453 0.710938 0.556641 0.710938 0.552734 0.714844 0.546875 0.714844 0.542969 0.716797 0.541016 0.716797 0.529297 0.720703 0.523438 0.720703 0.519531 0.724609 0.513672 0.724609 0.509766
0 0.724609 0.482422 0.718750 0.472656 0.716797 0.460938 0.712891 0.453125 0.685547 0.455078 0.683594 0.457031 0.666016 0.457031 0.664062 0.458984 0.656250 0.458984 0.648438 0.472656 0.648438 0.478516 0.640625 0.490234 0.640625 0.494141 0.693359 0.490234 0.695312 0.488281 0.701172 0.488281 0.703125 0.486328 0.710938 0.486328 0.712891 0.484375
0 0.365234 0.400391 0.304688 0.505859 0.244141 0.531250 0.224609 0.568359 0.289062 0.621094 0.291016 0.648438 0.347656 0.646484 0.302734 0.666016 0.351562 0.755859 0.335938 0.910156 0.359375 0.943359 0.337891 0.978516 0.359375 0.998047 0.685547 0.996094 0.656250 0.964844 0.570312 0.968750 0.568359 0.880859 0.628906 0.847656 0.658203 0.794922 0.677734 0.833984 0.701172 0.734375 0.617188 0.748047 0.568359 0.847656 0.566406 0.695312 0.560547 0.734375 0.527344 0.746094 0.554688 0.822266 0.529297 0.841797 0.439453 0.804688 0.429688 0.859375 0.382812 0.882812
0 0.080078 0.302734 0.060547 0.351562 0.082031 0.367188 0.078125 0.404297 0.089844 0.441406 0.095703 0.529297 0.085938 0.554688 0.101562 0.576172 0.097656 0.634766 0.119141 0.757812 0.138672 0.783203 0.126953 0.662109 0.150391 0.669922 0.142578 0.582031 0.123047 0.576172 0.125000 0.542969 0.111328 0.513672 0.103516 0.457031 0.115234 0.462891 0.115234 0.435547 0.099609 0.414062 0.093750 0.324219
0 0.027344 0.250000 0.027344 0.253906 0.023438 0.259766 0.023438 0.265625 0.015625 0.279297 0.015625 0.287109 0.011719 0.294922 0.021484 0.306641 0.023438 0.314453 0.039062 0.332031 0.039062 0.335938 0.046875 0.343750 0.046875 0.347656 0.048828 0.349609 0.046875 0.345703 0.046875 0.337891 0.044922 0.335938 0.044922 0.326172 0.042969 0.324219 0.041016 0.310547 0.037109 0.302734 0.037109 0.291016 0.035156 0.289062 0.033203 0.275391 0.029297 0.267578 0.029297 0.255859 0.027344 0.253906
0 0.046875 0.052734 0.046875 0.136719 0.042969 0.177734 0.046875 0.183594 0.046875 0.195312 0.068359 0.248047 0.076172 0.207031 0.068359 0.167969 0.068359 0.144531 0.060547 0.132812 0.056641 0.119141
0 0.000000 0.031250 0.000000 0.152344 0.007812 0.166016 0.021484 0.160156 0.023438 0.152344 0.021484 0.150391 0.021484 0.136719 0.017578 0.126953 0.017578 0.119141 0.013672 0.109375 0.013672 0.093750 0.005859 0.068359 0.005859 0.052734
0 0.310547 0.003906 0.300781 0.085938 0.320312 0.150391 0.337891 0.160156 0.337891 0.236328 0.353516 0.261719 0.343750 0.289062 0.351562 0.367188 0.365234 0.376953 0.361328 0.304688 0.382812 0.279297 0.359375 0.261719 0.349609 0.203125 0.357422 0.113281 0.353516 0.003906
0 0.802734 0.000000 0.593750 0.003906 0.587891 0.412109 0.619141 0.398438 0.646484 0.410156 0.656250 0.378906 0.640625 0.349609 0.681641 0.324219 0.710938 0.335938 0.695312 0.386719 0.720703 0.400391 0.714844 0.423828 0.748047 0.419922 0.767578 0.398438 0.755859 0.363281 0.779297 0.328125 0.773438 0.292969 0.753906 0.273438 0.730469 0.271484 0.771484 0.164062 0.757812 0.148438 0.771484 0.058594 0.791016 0.068359 0.791016 0.105469 0.804688 0.111328
1 0.382812 0.521484 0.375000 0.648438 0.386719 0.869141 0.398438 0.871094 0.427734 0.857422 0.423828 0.812500 0.398438 0.798828 0.427734 0.779297 0.439453 0.707031 0.427734 0.685547 0.419922 0.578125
1 0.289062 0.308594 0.263672 0.318359 0.240234 0.343750 0.234375 0.355469 0.250000 0.367188 0.226562 0.380859 0.214844 0.404297 0.234375 0.451172 0.251953 0.445312 0.265625 0.427734 0.271484 0.427734 0.277344 0.455078 0.292969 0.464844 0.322266 0.427734 0.328125 0.390625 0.310547 0.367188 0.302734 0.337891
1 0.386719 0.281250 0.363281 0.306641 0.367188 0.339844 0.367188 0.400391 0.371094 0.443359 0.392578 0.439453 0.392578 0.333984 0.388672 0.318359
1 0.539062 0.003906 0.550781 0.017578 0.537109 0.052734 0.552734 0.068359 0.542969 0.103516 0.539062 0.107422 0.531250 0.105469 0.531250 0.119141 0.556641 0.150391 0.548828 0.201172 0.591797 0.226562 0.591797 0.005859
1 0.398438 0.003906 0.359375 0.003906 0.359375 0.099609 0.371094 0.099609 0.373047 0.095703 0.373047 0.085938 0.380859 0.068359 0.380859 0.058594 0.388672 0.042969 0.388672 0.035156 0.390625 0.033203 0.392578 0.021484 0.396484 0.015625 0.396484 0.007812
2 0.400391 0.000000 0.375000 0.095703 0.359375 0.103516 0.351562 0.187500 0.394531 0.332031 0.394531 0.439453 0.375000 0.445312 0.371094 0.480469 0.421875 0.574219 0.443359 0.707031 0.433594 0.775391 0.400391 0.798828 0.529297 0.835938 0.548828 0.822266 0.523438 0.746094 0.560547 0.728516 0.560547 0.646484 0.574219 0.640625 0.591797 0.232422 0.544922 0.201172 0.552734 0.150391 0.527344 0.121094 0.546875 0.072266 0.531250 0.054688 0.544922 0.013672
