0 0.759766 0.648438 0.748047 0.632812 0.734375 0.630859 0.628906 0.664062 0.539062 0.666016 0.490234 0.683594 0.423828 0.693359 0.302734 0.666016 0.294922 0.673828 0.294922 0.726562 0.376953 0.775391 0.419922 0.789062 0.755859 0.681641
0 0.185547 0.482422 0.275391 0.542969 0.423828 0.554688 0.431641 0.644531 0.382812 0.675781 0.443359 0.673828 0.484375 0.626953 0.498047 0.662109 0.681641 0.636719 0.656250 0.580078 0.488281 0.607422 0.537109 0.556641 0.607422 0.580078 0.652344 0.550781 0.998047 0.568359 0.998047 0.511719 0.748047 0.533203 0.738281 0.509766 0.832031 0.472656 0.843750 0.417969 0.787109 0.458984 0.755859 0.429688 0.617188 0.423828 0.599609 0.492188 0.562500 0.451172 0.539062 0.515625 0.533203 0.371094 0.568359 0.335938 0.492188 0.337891 0.447266 0.294922 0.458984 0.517578 0.498047 0.535156
0 0.175781 0.414062 0.189453 0.447266 0.250000 0.466797 0.287109 0.457031 0.349609 0.496094 0.378906 0.482422 0.388672 0.509766 0.421875 0.505859 0.447266 0.515625 0.451172 0.494141 0.435547 0.455078 0.400391 0.455078 0.386719 0.425781 0.357422 0.414062 0.367188 0.386719 0.406250 0.382812 0.423828 0.371094 0.416016 0.322266 0.375000 0.337891 0.357422 0.277344 0.341797 0.281250 0.326172 0.318359 0.320312 0.363281 0.341797 0.365234 0.318359 0.396484 0.316406 0.417969 0.300781 0.390625 0.281250 0.394531 0.251953 0.419922 0.189453 0.404297
0 0.535156 0.119141 0.529297 0.125000 0.523438 0.126953 0.523438 0.140625 0.521484 0.142578 0.521484 0.146484 0.523438 0.148438 0.523438 0.152344 0.527344 0.158203 0.527344 0.162109 0.531250 0.166016 0.531250 0.167969 0.537109 0.171875 0.546875 0.171875 0.554688 0.160156 0.554688 0.134766 0.552734 0.132812 0.552734 0.130859 0.550781 0.130859 0.544922 0.125000 0.542969 0.125000 0.539062 0.121094 0.537109 0.121094
0 0.480469 0.093750 0.478516 0.095703 0.476562 0.095703 0.472656 0.099609 0.472656 0.101562 0.470703 0.103516 0.470703 0.113281 0.468750 0.115234 0.468750 0.117188 0.470703 0.119141 0.470703 0.134766 0.478516 0.148438 0.482422 0.148438 0.484375 0.150391 0.490234 0.150391 0.492188 0.148438 0.496094 0.148438 0.496094 0.146484 0.498047 0.144531 0.498047 0.138672 0.500000 0.136719 0.500000 0.130859 0.501953 0.128906 0.501953 0.123047 0.500000 0.121094 0.500000 0.117188 0.498047 0.115234 0.498047 0.111328 0.494141 0.107422 0.494141 0.105469 0.490234 0.101562 0.490234 0.099609 0.484375 0.093750
0 0.529297 0.033203 0.523438 0.037109 0.523438 0.041016 0.521484 0.042969 0.521484 0.050781 0.523438 0.052734 0.523438 0.058594 0.525391 0.060547 0.525391 0.064453 0.527344 0.066406 0.527344 0.070312 0.529297 0.072266 0.529297 0.076172 0.531250 0.078125 0.531250 0.083984 0.537109 0.085938 0.539062 0.083984 0.544922 0.083984 0.544922 0.080078 0.546875 0.078125 0.546875 0.074219 0.550781 0.068359 0.550781 0.062500 0.552734 0.060547 0.552734 0.041016 0.548828 0.041016 0.542969 0.037109 0.539062 0.037109 0.537109 0.035156 0.531250 0.035156
0 0.562500 0.005859 0.556641 0.017578 0.554688 0.115234 0.576172 0.140625 0.582031 0.175781 0.591797 0.177734 0.597656 0.132812 0.593750 0.091797 0.597656 0.062500 0.593750 0.029297 0.576172 0.068359 0.572266 0.062500 0.576172 0.039062 0.574219 0.011719
0 0.486328 0.005859 0.472656 0.017578 0.472656 0.033203 0.474609 0.035156 0.474609 0.039062 0.476562 0.041016 0.476562 0.044922 0.480469 0.048828 0.480469 0.050781 0.484375 0.054688 0.490234 0.054688 0.492188 0.056641 0.498047 0.050781 0.500000 0.050781 0.500000 0.044922 0.501953 0.042969 0.501953 0.035156 0.503906 0.033203 0.503906 0.023438 0.501953 0.021484 0.501953 0.017578 0.494141 0.009766 0.492188 0.009766 0.488281 0.005859
0 0.000000 0.005859 0.001953 0.070312 0.253906 0.164062 0.382812 0.191406 0.402344 0.210938 0.453125 0.214844 0.498047 0.236328 0.509766 0.279297 0.595703 0.214844 0.554688 0.183594 0.542969 0.199219 0.496094 0.179688 0.466797 0.189453 0.408203 0.148438 0.369141 0.140625 0.351562 0.121094
0 0.353516 0.000000 0.343750 0.019531 0.343750 0.023438 0.339844 0.029297 0.339844 0.052734 0.337891 0.054688 0.337891 0.060547 0.343750 0.068359 0.343750 0.072266 0.347656 0.076172 0.349609 0.082031 0.363281 0.066406 0.363281 0.058594 0.361328 0.056641 0.361328 0.041016 0.359375 0.039062 0.359375 0.029297 0.363281 0.027344 0.373047 0.015625 0.371094 0.011719 0.365234 0.009766
