0 0.484375 0.482422 0.474609 0.544922 0.460938 0.580078 0.462891 0.609375 0.482422 0.619141 0.460938 0.626953 0.458984 0.642578 0.439453 0.669922 0.494141 0.667969 0.515625 0.640625 0.537109 0.632812 0.542969 0.652344 0.531250 0.667969 0.619141 0.656250 0.683594 0.658203 0.681641 0.646484 0.660156 0.634766 0.669922 0.615234 0.595703 0.626953 0.562500 0.654297 0.558594 0.642578 0.548828 0.648438 0.556641 0.621094 0.541016 0.613281 0.550781 0.587891 0.517578 0.539062 0.498047 0.480469
0 0.640625 0.431641 0.640625 0.447266 0.638672 0.449219 0.638672 0.462891 0.640625 0.464844 0.640625 0.470703 0.642578 0.472656 0.642578 0.478516 0.644531 0.480469 0.644531 0.484375 0.646484 0.486328 0.646484 0.490234 0.648438 0.492188 0.648438 0.496094 0.650391 0.498047 0.650391 0.503906 0.652344 0.503906 0.652344 0.498047 0.654297 0.496094 0.654297 0.468750 0.652344 0.466797 0.652344 0.462891 0.650391 0.460938 0.650391 0.455078 0.648438 0.453125 0.648438 0.449219 0.646484 0.447266 0.644531 0.437500
0 0.363281 0.423828 0.353516 0.539062 0.337891 0.603516 0.378906 0.599609 0.378906 0.578125 0.396484 0.521484 0.394531 0.490234 0.386719 0.458984 0.375000 0.435547
0 0.392578 0.322266 0.380859 0.359375 0.367188 0.375000 0.349609 0.384766 0.355469 0.402344 0.363281 0.414062 0.367188 0.414062 0.371094 0.417969 0.378906 0.414062 0.382812 0.408203 0.412109 0.388672 0.414062 0.376953 0.417969 0.369141 0.412109 0.330078 0.398438 0.330078
0 0.296875 0.250000 0.261719 0.238281 0.234375 0.238281 0.218750 0.246094 0.199219 0.246094 0.171875 0.251953 0.095703 0.251953 0.087891 0.265625 0.107422 0.273438 0.134766 0.273438 0.267578 0.257812
0 0.683594 0.183594 0.681641 0.199219 0.718750 0.224609 0.724609 0.265625 0.693359 0.291016 0.621094 0.302734 0.611328 0.330078 0.638672 0.345703 0.658203 0.345703 0.669922 0.378906 0.666016 0.406250 0.675781 0.496094 0.693359 0.544922 0.695312 0.347656 0.738281 0.306641 0.744141 0.255859 0.738281 0.220703 0.718750 0.187500
0 0.482422 0.181641 0.474609 0.179688 0.468750 0.189453 0.453125 0.259766 0.437500 0.277344 0.425781 0.240234 0.412109 0.216797 0.396484 0.218750 0.406250 0.244141 0.417969 0.306641 0.429688 0.310547 0.455078 0.310547 0.470703 0.298828 0.478516 0.271484
0 0.292969 0.130859 0.218750 0.148438 0.171875 0.164062 0.152344 0.166016 0.148438 0.181641 0.162109 0.232422 0.169922 0.236328 0.175781 0.232422 0.238281 0.230469 0.294922 0.208984 0.294922 0.185547 0.287109 0.156250
0 0.466797 0.113281 0.460938 0.101562 0.427734 0.128906 0.414062 0.128906 0.392578 0.121094 0.382812 0.142578 0.373047 0.138672 0.369141 0.117188 0.328125 0.125000 0.302734 0.125000 0.300781 0.142578 0.314453 0.144531 0.326172 0.140625 0.332031 0.148438 0.337891 0.173828 0.402344 0.164062 0.421875 0.154297 0.457031 0.150391 0.468750 0.134766
0 0.591797 0.154297 0.550781 0.126953 0.537109 0.123047 0.529297 0.113281 0.529297 0.083984 0.541016 0.072266 0.554688 0.066406 0.583984 0.064453 0.597656 0.056641 0.587891 0.039062 0.525391 0.072266 0.500000 0.062500 0.484375 0.080078 0.470703 0.068359 0.441406 0.091797 0.455078 0.095703 0.498047 0.089844 0.511719 0.095703 0.503906 0.109375 0.505859 0.132812 0.517578 0.152344 0.511719 0.167969 0.552734 0.167969 0.574219 0.164062
1 0.843750 0.753906 0.824219 0.726562 0.732422 0.697266 0.742188 0.617188 0.703125 0.601562 0.679688 0.509766 0.666016 0.574219 0.642578 0.566406 0.646484 0.500000 0.625000 0.488281 0.636719 0.427734 0.619141 0.404297 0.619141 0.582031 0.595703 0.625000 0.669922 0.613281 0.681641 0.664062 0.447266 0.673828 0.451172 0.619141 0.419922 0.603516 0.306641 0.605469 0.287109 0.621094 0.279297 0.710938 0.191406 0.740234 0.177734 0.789062 0.316406 0.830078 0.371094 0.832031 0.433594 0.804688 0.486328 0.828125 0.640625 0.816406 0.707031 0.765625 0.773438 0.771484 0.794922 0.748047 0.837891 0.783203
1 0.386719 0.212891 0.375000 0.220703 0.380859 0.230469 0.390625 0.257812 0.390625 0.285156 0.392578 0.287109 0.392578 0.310547 0.394531 0.312500 0.394531 0.318359 0.400391 0.328125 0.408203 0.328125 0.412109 0.326172 0.414062 0.310547 0.404297 0.285156 0.402344 0.259766 0.400391 0.257812 0.396484 0.234375 0.388672 0.218750 0.388672 0.212891
1 0.500000 0.175781 0.492188 0.164062 0.460938 0.150391 0.453125 0.154297 0.429688 0.156250 0.384766 0.171875 0.375000 0.171875 0.359375 0.177734 0.343750 0.177734 0.330078 0.185547 0.330078 0.195312 0.369141 0.197266 0.400391 0.183594 0.425781 0.191406 0.457031 0.175781
1 0.320312 0.013672 0.322266 0.029297 0.357422 0.031250 0.369141 0.041016 0.367188 0.093750 0.373047 0.109375 0.375000 0.138672 0.382812 0.140625 0.390625 0.119141 0.433594 0.125000 0.435547 0.115234 0.457031 0.097656 0.470703 0.095703 0.390625 0.099609 0.378906 0.078125 0.390625 0.072266 0.402344 0.056641 0.378906 0.035156 0.394531 0.027344 0.392578 0.015625 0.373047 0.021484 0.359375 0.011719 0.355469 0.019531
