0 0.943359 0.712891 0.937500 0.722656 0.925781 0.757812 0.914062 0.771484 0.949219 0.789062 0.980469 0.808594 0.994141 0.808594 0.980469 0.771484 0.998047 0.738281 0.984375 0.732422 0.960938 0.716797 0.957031 0.716797 0.951172 0.710938
0 0.232422 0.435547 0.220703 0.443359 0.224609 0.464844 0.207031 0.484375 0.197266 0.490234 0.189453 0.591797 0.201172 0.615234 0.210938 0.601562 0.207031 0.558594 0.208984 0.541016 0.218750 0.527344 0.226562 0.525391 0.232422 0.519531 0.238281 0.496094 0.255859 0.472656 0.255859 0.451172
0 0.087891 0.308594 0.078125 0.316406 0.068359 0.339844 0.066406 0.445312 0.091797 0.496094 0.121094 0.492188 0.140625 0.509766 0.144531 0.523438 0.181641 0.521484 0.191406 0.453125 0.166016 0.460938 0.136719 0.445312 0.119141 0.443359 0.107422 0.427734 0.111328 0.417969 0.167969 0.421875 0.173828 0.394531 0.167969 0.384766 0.130859 0.386719 0.125000 0.378906 0.125000 0.341797 0.132812 0.326172 0.128906 0.312500 0.111328 0.302734
0 0.394531 0.039062 0.406250 0.054688 0.421875 0.052734 0.441406 0.033203 0.445312 0.033203 0.474609 0.019531 0.492188 0.019531 0.494141 0.017578 0.496094 0.003906 0.443359 0.005859 0.441406 0.003906 0.408203 0.001953 0.392578 0.019531
0 0.195312 0.005859 0.205078 0.277344 0.285156 0.294922 0.269531 0.337891 0.318359 0.330078 0.378906 0.408203 0.361328 0.380859 0.431641 0.355469 0.498047 0.384766 0.437500 0.460938 0.468750 0.607422 0.500000 0.460938 0.998047 0.658203 0.998047 0.556641 0.720703 0.458984 0.765625 0.460938 0.816406 0.396484 0.750000 0.333984 0.996094 0.388672 0.976562 0.306641 0.912109 0.287109 0.873047 0.335938 0.892578 0.287109 0.837891 0.146484 0.849609 0.109375 0.958984 0.099609 0.966797 0.011719 0.904297 0.037109 0.771484 0.001953 0.679688 0.056641 0.683594 0.003906 0.533203 0.005859 0.382812 0.167969 0.380859 0.310547 0.328125 0.298828 0.355469 0.277344 0.343750 0.007812
1 0.558594 0.640625 0.558594 0.646484 0.560547 0.650391 0.544922 0.667969 0.544922 0.679688 0.542969 0.683594 0.554688 0.683594 0.556641 0.681641 0.560547 0.681641 0.566406 0.685547 0.574219 0.685547 0.580078 0.691406 0.585938 0.693359 0.597656 0.703125 0.595703 0.679688 0.593750 0.677734 0.595703 0.673828 0.595703 0.666016 0.597656 0.664062 0.597656 0.660156 0.580078 0.644531 0.576172 0.642578 0.562500 0.642578
1 0.636719 0.609375 0.701172 0.646484 0.714844 0.644531 0.730469 0.632812 0.734375 0.652344 0.742188 0.658203 0.765625 0.652344 0.781250 0.652344 0.789062 0.646484 0.785156 0.636719 0.775391 0.625000 0.716797 0.591797
1 0.500000 0.470703 0.500000 0.488281 0.501953 0.490234 0.500000 0.523438 0.503906 0.529297 0.533203 0.529297 0.554688 0.539062 0.566406 0.539062 0.582031 0.533203 0.599609 0.531250 0.599609 0.529297 0.595703 0.529297 0.591797 0.525391 0.564453 0.513672 0.517578 0.478516
1 0.425781 0.457031 0.416016 0.466797 0.416016 0.478516 0.414062 0.480469 0.416016 0.486328 0.416016 0.503906 0.417969 0.505859 0.417969 0.527344 0.419922 0.527344 0.437500 0.546875 0.441406 0.564453 0.453125 0.564453 0.453125 0.523438 0.451172 0.521484 0.451172 0.505859 0.441406 0.484375 0.441406 0.480469 0.435547 0.470703 0.435547 0.462891
1 0.287109 0.298828 0.226562 0.283203 0.207031 0.283203 0.187500 0.294922 0.183594 0.306641 0.203125 0.333984 0.203125 0.365234 0.208984 0.369141 0.195312 0.375000 0.177734 0.353516 0.179688 0.388672 0.167969 0.423828 0.111328 0.421875 0.115234 0.437500 0.148438 0.447266 0.166016 0.458984 0.187500 0.453125 0.195312 0.398438 0.207031 0.371094 0.234375 0.357422 0.263672 0.351562 0.265625 0.308594
2 0.431641 0.361328 0.365234 0.380859 0.380859 0.410156 0.339844 0.380859 0.277344 0.398438 0.250000 0.498047 0.291016 0.498047 0.289062 0.519531 0.230469 0.523438 0.208984 0.546875 0.212891 0.619141 0.341797 0.765625 0.419922 0.748047 0.437500 0.720703 0.478516 0.732422 0.470703 0.701172 0.480469 0.685547 0.523438 0.683594 0.554688 0.652344 0.537109 0.632812 0.482422 0.642578 0.449219 0.623047 0.472656 0.572266 0.437500 0.566406 0.416016 0.529297 0.412109 0.472656 0.425781 0.455078 0.460938 0.460938 0.488281 0.419922 0.492188 0.382812
