0 0.869141 0.642578 0.867188 0.642578 0.851562 0.658203 0.853516 0.660156 0.853516 0.662109 0.857422 0.667969 0.857422 0.671875 0.859375 0.673828 0.859375 0.677734 0.861328 0.679688 0.861328 0.681641 0.867188 0.681641 0.869141 0.679688 0.871094 0.679688 0.875000 0.675781 0.878906 0.675781 0.880859 0.673828 0.880859 0.666016 0.878906 0.664062 0.878906 0.650391 0.876953 0.648438 0.875000 0.648438
0 0.814453 0.617188 0.806641 0.625000 0.804688 0.625000 0.792969 0.636719 0.791016 0.636719 0.791016 0.640625 0.794922 0.646484 0.794922 0.650391 0.796875 0.652344 0.796875 0.656250 0.798828 0.658203 0.798828 0.660156 0.818359 0.660156 0.820312 0.662109 0.824219 0.662109 0.828125 0.658203 0.830078 0.658203 0.830078 0.656250 0.833984 0.652344 0.835938 0.652344 0.837891 0.650391 0.837891 0.626953 0.830078 0.619141 0.824219 0.619141 0.822266 0.617188
0 0.949219 0.587891 0.947266 0.585938 0.923828 0.585938 0.921875 0.587891 0.921875 0.589844 0.919922 0.591797 0.917969 0.591797 0.912109 0.597656 0.912109 0.601562 0.910156 0.603516 0.910156 0.611328 0.908203 0.613281 0.908203 0.621094 0.906250 0.623047 0.906250 0.628906 0.935547 0.628906 0.943359 0.623047 0.945312 0.623047 0.955078 0.613281 0.957031 0.613281 0.957031 0.609375 0.955078 0.607422 0.955078 0.603516 0.953125 0.601562 0.953125 0.595703 0.951172 0.593750
0 0.855469 0.509766 0.849609 0.509766 0.845703 0.513672 0.843750 0.513672 0.843750 0.515625 0.841797 0.517578 0.841797 0.527344 0.839844 0.529297 0.839844 0.533203 0.841797 0.535156 0.841797 0.539062 0.843750 0.541016 0.843750 0.544922 0.845703 0.546875 0.845703 0.548828 0.847656 0.550781 0.847656 0.552734 0.851562 0.548828 0.851562 0.546875 0.857422 0.541016 0.857422 0.539062 0.859375 0.537109 0.859375 0.535156 0.863281 0.531250 0.863281 0.523438 0.865234 0.521484 0.865234 0.515625 0.863281 0.515625 0.859375 0.511719 0.857422 0.511719
0 0.908203 0.390625 0.880859 0.433594 0.873047 0.457031 0.884766 0.476562 0.896484 0.519531 0.941406 0.554688 0.966797 0.556641 0.988281 0.544922 0.996094 0.531250 0.988281 0.476562 0.990234 0.402344 0.980469 0.392578 0.966797 0.388672 0.943359 0.404297 0.931641 0.472656 0.906250 0.460938 0.921875 0.421875 0.925781 0.394531
0 0.998047 0.000000 0.677734 0.001953 0.765625 0.236328 0.708984 0.335938 0.650391 0.000000 0.683594 0.316406 0.636719 0.074219 0.578125 0.142578 0.582031 0.435547 0.546875 0.099609 0.628906 0.011719 0.519531 0.005859 0.498047 0.095703 0.425781 0.048828 0.396484 0.253906 0.466797 0.203125 0.466797 0.626953 0.000000 0.863281 0.005859 0.923828 0.279297 0.894531 0.291016 0.996094 0.371094 0.998047 0.417969 0.902344 0.437500 0.994141 0.505859 0.998047 0.498047 0.890625 0.583984 0.873047 0.515625 0.998047 0.980469 0.996094 0.810547 0.921875 0.802734 0.857422 0.996094 0.857422 0.998047 0.802734 0.812500 0.798828 0.693359 0.396484 0.994141 0.095703
0 0.275391 0.000000 0.279297 0.347656 0.347656 0.361328 0.355469 0.435547 0.373047 0.365234 0.373047 0.326172 0.357422 0.347656 0.355469 0.308594 0.365234 0.271484 0.373047 0.287109 0.373047 0.236328 0.380859 0.222656 0.376953 0.148438 0.398438 0.009766
1 0.642578 0.386719 0.623047 0.394531 0.617188 0.412109 0.619141 0.443359 0.615234 0.466797 0.623047 0.496094 0.621094 0.595703 0.625000 0.603516 0.636719 0.603516 0.652344 0.576172 0.642578 0.554688 0.634766 0.515625 0.634766 0.476562 0.656250 0.455078 0.667969 0.433594 0.667969 0.427734 0.658203 0.421875 0.650391 0.392578
1 0.773438 0.324219 0.759766 0.330078 0.748047 0.330078 0.746094 0.332031 0.738281 0.332031 0.728516 0.335938 0.720703 0.335938 0.710938 0.339844 0.703125 0.347656 0.703125 0.359375 0.707031 0.365234 0.712891 0.369141 0.712891 0.373047 0.708984 0.382812 0.697266 0.396484 0.697266 0.402344 0.714844 0.390625 0.738281 0.367188 0.738281 0.365234 0.742188 0.363281
1 0.675781 0.005859 0.679688 0.078125 0.695312 0.136719 0.699219 0.232422 0.707031 0.259766 0.701172 0.332031 0.716797 0.310547 0.750000 0.308594 0.753906 0.294922 0.748047 0.281250 0.759766 0.267578 0.763672 0.238281 0.759766 0.234375 0.742188 0.250000 0.732422 0.234375 0.718750 0.226562
1 0.630859 0.005859 0.621094 0.048828 0.595703 0.062500 0.587891 0.105469 0.597656 0.107422 0.632812 0.072266 0.648438 0.076172 0.642578 0.140625 0.658203 0.142578 0.654297 0.203125 0.669922 0.230469 0.662109 0.283203 0.677734 0.322266 0.689453 0.248047 0.658203 0.017578 0.648438 0.005859
1 0.406250 0.000000 0.398438 0.031250 0.398438 0.039062 0.404297 0.044922 0.427734 0.046875 0.437500 0.039062 0.451172 0.035156 0.476562 0.050781 0.496094 0.093750 0.501953 0.089844 0.503906 0.025391 0.517578 0.001953
