0 0.677734 0.617188 0.683594 0.625000 0.712891 0.630859 0.722656 0.638672 0.722656 0.654297 0.748047 0.666016 0.753906 0.685547 0.863281 0.681641 0.849609 0.660156 0.875000 0.654297 0.890625 0.638672 0.867188 0.636719 0.835938 0.642578 0.810547 0.632812 0.781250 0.634766 0.728516 0.625000 0.716797 0.619141 0.718750 0.601562 0.701172 0.603516 0.689453 0.593750 0.679688 0.597656
0 0.718750 0.431641 0.718750 0.476562 0.732422 0.523438 0.726562 0.527344 0.722656 0.525391 0.710938 0.490234 0.693359 0.482422 0.683594 0.494141 0.691406 0.503906 0.699219 0.507812 0.707031 0.525391 0.708984 0.539062 0.722656 0.556641 0.736328 0.550781 0.742188 0.539062 0.742188 0.500000 0.724609 0.439453
0 0.787109 0.416016 0.785156 0.417969 0.787109 0.447266 0.802734 0.490234 0.806641 0.486328 0.812500 0.488281 0.824219 0.500000 0.839844 0.533203 0.845703 0.537109 0.853516 0.537109 0.863281 0.494141 0.839844 0.466797 0.830078 0.462891 0.818359 0.466797 0.814453 0.451172 0.804688 0.457031 0.796875 0.453125 0.792969 0.425781
0 0.228516 0.480469 0.224609 0.466797 0.212891 0.455078 0.208984 0.402344 0.195312 0.400391 0.183594 0.431641 0.160156 0.441406 0.119141 0.425781 0.052734 0.429688 0.044922 0.414062 0.017578 0.416016 0.003906 0.429688 0.013672 0.429688 0.031250 0.445312 0.062500 0.443359 0.103516 0.455078 0.119141 0.441406 0.156250 0.464844 0.173828 0.470703 0.195312 0.496094 0.210938 0.494141
0 0.560547 0.351562 0.552734 0.363281 0.541016 0.322266 0.523438 0.324219 0.537109 0.359375 0.533203 0.388672 0.519531 0.384766 0.498047 0.398438 0.484375 0.386719 0.474609 0.410156 0.449219 0.404297 0.427734 0.417969 0.416016 0.416016 0.410156 0.378906 0.382812 0.390625 0.353516 0.390625 0.335938 0.380859 0.333984 0.359375 0.318359 0.359375 0.310547 0.373047 0.312500 0.396484 0.251953 0.433594 0.236328 0.451172 0.232422 0.472656 0.251953 0.470703 0.269531 0.447266 0.283203 0.458984 0.294922 0.451172 0.314453 0.458984 0.333984 0.443359 0.351562 0.441406 0.351562 0.431641 0.365234 0.421875 0.416016 0.447266 0.437500 0.425781 0.494141 0.431641 0.550781 0.394531
0 0.697266 0.304688 0.716797 0.310547 0.728516 0.318359 0.726562 0.333984 0.718750 0.343750 0.720703 0.351562 0.726562 0.353516 0.761719 0.353516 0.767578 0.341797 0.767578 0.296875 0.763672 0.294922 0.740234 0.294922 0.738281 0.296875 0.728516 0.296875 0.726562 0.298828
0 0.640625 0.285156 0.626953 0.292969 0.625000 0.306641 0.621094 0.314453 0.619141 0.359375 0.611328 0.380859 0.611328 0.384766 0.619141 0.388672 0.634766 0.382812 0.640625 0.376953 0.644531 0.367188 0.646484 0.353516 0.642578 0.341797 0.642578 0.324219 0.644531 0.322266 0.652344 0.324219 0.662109 0.335938 0.667969 0.324219 0.666016 0.322266 0.666016 0.308594 0.646484 0.287109
0 0.990234 0.218750 0.949219 0.222656 0.939453 0.242188 0.927734 0.242188 0.902344 0.261719 0.849609 0.261719 0.763672 0.285156 0.777344 0.292969 0.824219 0.291016 0.841797 0.281250 0.847656 0.318359 0.904297 0.310547 0.869141 0.285156 0.880859 0.273438 0.998047 0.244141
0 0.753906 0.054688 0.722656 0.052734 0.710938 0.062500 0.697266 0.064453 0.697266 0.080078 0.675781 0.074219 0.662109 0.083984 0.673828 0.128906 0.671875 0.279297 0.675781 0.298828 0.697266 0.281250 0.689453 0.185547 0.691406 0.103516 0.695312 0.097656 0.710938 0.101562 0.720703 0.091797 0.718750 0.082031 0.701172 0.082031 0.703125 0.076172 0.724609 0.066406 0.738281 0.072266
0 0.843750 0.029297 0.835938 0.033203 0.830078 0.033203 0.828125 0.035156 0.816406 0.035156 0.814453 0.037109 0.810547 0.035156 0.802734 0.035156 0.800781 0.033203 0.796875 0.035156 0.787109 0.035156 0.785156 0.037109 0.787109 0.039062 0.787109 0.044922 0.789062 0.046875 0.800781 0.046875 0.802734 0.048828 0.806641 0.048828 0.816406 0.058594 0.816406 0.060547 0.818359 0.060547 0.822266 0.064453 0.822266 0.066406 0.824219 0.066406 0.826172 0.070312 0.828125 0.070312 0.832031 0.066406 0.833984 0.062500 0.833984 0.058594 0.835938 0.056641 0.835938 0.039062 0.843750 0.031250
1 0.794922 0.369141 0.771484 0.353516 0.759766 0.378906 0.751953 0.355469 0.716797 0.355469 0.744141 0.500000 0.728516 0.556641 0.687500 0.505859 0.685547 0.558594 0.660156 0.583984 0.013672 0.652344 0.000000 0.757812 0.554688 0.642578 0.662109 0.675781 0.685547 0.642578 0.642578 0.613281 0.669922 0.617188 0.683594 0.589844 0.746094 0.626953 0.833984 0.591797 0.814453 0.564453 0.841797 0.537109 0.806641 0.488281 0.812500 0.552734 0.802734 0.513672 0.775391 0.507812 0.765625 0.394531
1 0.673828 0.439453 0.658203 0.443359 0.652344 0.388672 0.609375 0.384766 0.601562 0.341797 0.570312 0.355469 0.556641 0.398438 0.494141 0.433594 0.441406 0.447266 0.437500 0.427734 0.416016 0.449219 0.355469 0.429688 0.392578 0.472656 0.349609 0.447266 0.318359 0.460938 0.273438 0.451172 0.195312 0.498047 0.121094 0.449219 0.029297 0.447266 0.015625 0.433594 0.001953 0.443359 0.000000 0.626953 0.554688 0.572266 0.595703 0.537109 0.621094 0.562500 0.679688 0.556641
1 0.898438 0.318359 0.890625 0.314453 0.847656 0.322266 0.843750 0.314453 0.841797 0.283203 0.826172 0.291016 0.820312 0.298828 0.814453 0.316406 0.812500 0.347656 0.808594 0.361328 0.812500 0.371094 0.818359 0.376953 0.826172 0.369141 0.828125 0.351562 0.837891 0.345703 0.896484 0.333984 0.900391 0.324219
1 0.884766 0.005859 0.769531 0.003906 0.759766 0.011719 0.707031 0.035156 0.695312 0.027344 0.673828 0.035156 0.666016 0.070312 0.679688 0.060547 0.710938 0.058594 0.720703 0.050781 0.736328 0.054688 0.746094 0.048828 0.761719 0.046875 0.775391 0.033203 0.822266 0.031250 0.833984 0.023438 0.865234 0.015625
