0 0.224609 0.353516 0.433594 0.359375 0.410156 0.347656 0.392578 0.343750 0.330078 0.343750 0.292969 0.330078 0.285156 0.335938 0.265625 0.335938 0.251953 0.332031 0.244141 0.333984
0 0.195312 0.146484 0.187500 0.152344 0.187500 0.164062 0.195312 0.181641 0.189453 0.205078 0.187500 0.207031 0.173828 0.195312 0.173828 0.208984 0.187500 0.255859 0.187500 0.267578 0.191406 0.281250 0.201172 0.279297 0.207031 0.271484 0.208984 0.261719 0.205078 0.158203
0 0.187500 0.113281 0.152344 0.142578 0.128906 0.150391 0.101562 0.134766 0.003906 0.126953 0.003906 0.138672 0.037109 0.148438 0.031250 0.164062 0.066406 0.173828 0.042969 0.201172 0.003906 0.216797 0.035156 0.246094 0.041016 0.314453 0.152344 0.253906 0.164062 0.259766 0.164062 0.193359 0.121094 0.234375 0.105469 0.228516 0.087891 0.253906 0.052734 0.240234 0.044922 0.226562 0.054688 0.210938 0.134766 0.173828 0.164062 0.171875 0.191406 0.128906
0 0.003906 0.082031 0.003906 0.085938 0.001953 0.087891 0.001953 0.091797 0.000000 0.093750 0.000000 0.099609 0.007812 0.099609 0.009766 0.101562 0.023438 0.101562 0.025391 0.103516 0.033203 0.103516 0.035156 0.105469 0.042969 0.105469 0.044922 0.107422 0.052734 0.107422 0.054688 0.109375 0.060547 0.109375 0.060547 0.107422 0.058594 0.105469 0.058594 0.101562 0.056641 0.099609 0.050781 0.097656 0.044922 0.091797 0.041016 0.091797 0.039062 0.089844 0.035156 0.089844 0.033203 0.087891 0.027344 0.087891 0.025391 0.085938 0.015625 0.085938 0.013672 0.083984 0.007812 0.083984 0.005859 0.082031
0 0.332031 0.000000 0.306641 0.005859 0.312500 0.072266 0.308594 0.099609 0.292969 0.130859 0.289062 0.152344 0.341797 0.158203 0.351562 0.152344 0.341797 0.126953 0.341797 0.099609 0.349609 0.083984 0.345703 0.015625
0 0.000000 0.001953 0.001953 0.042969 0.070312 0.078125 0.138672 0.021484 0.187500 0.019531 0.191406 0.107422 0.250000 0.236328 0.234375 0.277344 0.476562 0.300781 0.494141 0.251953 0.421875 0.224609 0.455078 0.203125 0.498047 0.238281 0.529297 0.191406 0.525391 0.265625 0.515625 0.234375 0.498047 0.271484 0.507812 0.351562 0.533203 0.349609 0.533203 0.302734 0.650391 0.322266 0.572266 0.255859 0.582031 0.220703 0.611328 0.220703 0.621094 0.259766 0.851562 0.287109 0.742188 0.240234 0.621094 0.134766 0.576172 0.171875 0.576172 0.119141 0.539062 0.156250 0.578125 0.000000 0.361328 0.000000 0.349609 0.228516 0.310547 0.224609 0.308594 0.173828 0.238281 0.158203 0.283203 0.132812 0.294922 0.011719
1 0.523438 0.308594 0.523438 0.318359 0.537109 0.349609 0.578125 0.357422 0.591797 0.363281 0.625000 0.365234 0.636719 0.369141 0.658203 0.369141 0.679688 0.363281 0.677734 0.337891 0.667969 0.335938 0.648438 0.324219 0.634766 0.322266 0.619141 0.326172 0.605469 0.318359 0.585938 0.316406 0.572266 0.302734 0.558594 0.308594 0.542969 0.304688
1 0.423828 0.226562 0.443359 0.236328 0.447266 0.236328 0.455078 0.232422 0.460938 0.232422 0.462891 0.234375 0.466797 0.234375 0.472656 0.238281 0.476562 0.238281 0.480469 0.240234 0.490234 0.248047 0.490234 0.244141 0.494141 0.236328 0.494141 0.232422 0.490234 0.224609 0.486328 0.224609 0.478516 0.228516 0.466797 0.216797 0.462891 0.216797 0.460938 0.214844 0.443359 0.216797 0.435547 0.222656 0.429688 0.222656
1 0.523438 0.164062 0.498047 0.140625 0.490234 0.123047 0.476562 0.119141 0.476562 0.148438 0.470703 0.160156 0.453125 0.138672 0.447266 0.152344 0.439453 0.162109 0.421875 0.164062 0.410156 0.175781 0.429688 0.181641 0.433594 0.185547 0.435547 0.195312 0.455078 0.187500 0.488281 0.191406 0.501953 0.181641 0.519531 0.177734 0.523438 0.171875
1 0.000000 0.335938 0.019531 0.349609 0.214844 0.351562 0.250000 0.330078 0.292969 0.328125 0.484375 0.359375 0.505859 0.347656 0.492188 0.277344 0.466797 0.306641 0.376953 0.296875 0.330078 0.273438 0.269531 0.289062 0.234375 0.279297 0.246094 0.236328 0.216797 0.142578 0.195312 0.113281 0.208984 0.173828 0.203125 0.279297 0.187500 0.281250 0.171875 0.208984 0.164062 0.261719 0.152344 0.257812
1 0.185547 0.019531 0.164062 0.023438 0.156250 0.029297 0.138672 0.027344 0.113281 0.062500 0.083984 0.062500 0.070312 0.080078 0.044922 0.052734 0.005859 0.037109 0.000000 0.054688 0.001953 0.076172 0.044922 0.089844 0.060547 0.101562 0.064453 0.113281 0.103516 0.119141 0.125000 0.128906 0.156250 0.128906 0.167969 0.107422 0.187500 0.101562 0.189453 0.039062
