0 0.291016 0.708984 0.285156 0.685547 0.246094 0.703125 0.226562 0.683594 0.212891 0.683594 0.205078 0.632812 0.187500 0.648438 0.169922 0.642578 0.113281 0.654297 0.097656 0.667969 0.091797 0.652344 0.000000 0.648438 0.000000 0.681641 0.046875 0.675781 0.093750 0.691406 0.210938 0.683594 0.212891 0.708984 0.054688 0.714844 0.060547 0.750000 0.064453 0.738281 0.107422 0.726562 0.117188 0.736328 0.195312 0.751953 0.222656 0.738281 0.275391 0.732422
0 0.941406 0.544922 0.937500 0.554688 0.935547 0.625000 0.939453 0.623047 0.966797 0.623047 0.974609 0.626953 0.984375 0.626953 0.998047 0.607422 0.998047 0.582031 0.996094 0.580078 0.996094 0.574219 0.982422 0.558594 0.970703 0.552734 0.960938 0.544922
0 0.373047 0.523438 0.357422 0.531250 0.351562 0.550781 0.328125 0.580078 0.322266 0.619141 0.314453 0.630859 0.312500 0.640625 0.312500 0.669922 0.316406 0.685547 0.332031 0.681641 0.351562 0.660156 0.357422 0.648438 0.359375 0.636719 0.357422 0.599609 0.369141 0.582031 0.371094 0.574219
0 0.429688 0.460938 0.427734 0.460938 0.419922 0.468750 0.419922 0.470703 0.416016 0.474609 0.416016 0.476562 0.414062 0.478516 0.414062 0.480469 0.410156 0.484375 0.410156 0.490234 0.408203 0.492188 0.408203 0.503906 0.410156 0.505859 0.416016 0.505859 0.417969 0.503906 0.419922 0.503906 0.419922 0.501953 0.429688 0.492188
0 0.921875 0.453125 0.914062 0.460938 0.912109 0.464844 0.912109 0.474609 0.910156 0.476562 0.910156 0.500000 0.912109 0.501953 0.912109 0.511719 0.914062 0.513672 0.916016 0.531250 0.917969 0.531250 0.917969 0.529297 0.923828 0.523438 0.923828 0.519531 0.925781 0.517578 0.925781 0.505859 0.927734 0.503906 0.927734 0.492188 0.929688 0.490234 0.929688 0.482422 0.931641 0.480469 0.931641 0.468750 0.927734 0.464844
0 0.968750 0.433594 0.964844 0.433594 0.962891 0.431641 0.947266 0.431641 0.945312 0.429688 0.943359 0.429688 0.941406 0.431641 0.939453 0.431641 0.935547 0.435547 0.933594 0.435547 0.929688 0.439453 0.927734 0.439453 0.923828 0.443359 0.921875 0.443359 0.931641 0.451172 0.931641 0.453125 0.933594 0.455078 0.933594 0.457031 0.935547 0.458984 0.937500 0.464844 0.939453 0.466797 0.945312 0.466797 0.951172 0.460938 0.951172 0.458984 0.953125 0.457031 0.955078 0.451172 0.958984 0.447266 0.960938 0.447266 0.964844 0.443359 0.966797 0.443359 0.968750 0.441406 0.972656 0.441406 0.970703 0.439453
0 0.431641 0.359375 0.429688 0.359375 0.427734 0.361328 0.419922 0.361328 0.417969 0.363281 0.408203 0.363281 0.406250 0.365234 0.404297 0.365234 0.404297 0.382812 0.402344 0.384766 0.402344 0.400391 0.404297 0.402344 0.404297 0.406250 0.410156 0.406250 0.412109 0.404297 0.417969 0.404297 0.419922 0.402344 0.421875 0.402344 0.427734 0.396484 0.429688 0.396484 0.433594 0.392578 0.435547 0.392578 0.439453 0.388672 0.439453 0.373047 0.435547 0.369141 0.435547 0.365234 0.431641 0.361328
0 0.562500 0.169922 0.548828 0.175781 0.537109 0.210938 0.515625 0.210938 0.515625 0.251953 0.474609 0.263672 0.468750 0.277344 0.472656 0.353516 0.503906 0.351562 0.511719 0.359375 0.498047 0.384766 0.529297 0.378906 0.544922 0.390625 0.537109 0.398438 0.546875 0.417969 0.613281 0.396484 0.615234 0.375000 0.583984 0.375000 0.550781 0.384766 0.568359 0.367188 0.576172 0.341797 0.546875 0.306641 0.548828 0.287109 0.566406 0.300781 0.574219 0.294922
0 0.998047 0.003906 0.359375 0.000000 0.251953 0.035156 0.251953 0.306641 0.164062 0.291016 0.138672 0.207031 0.099609 0.285156 0.136719 0.333984 0.011719 0.328125 0.001953 0.443359 0.134766 0.414062 0.185547 0.455078 0.269531 0.408203 0.007812 0.505859 0.000000 0.613281 0.207031 0.619141 0.230469 0.490234 0.277344 0.515625 0.271484 0.458984 0.388672 0.396484 0.339844 0.285156 0.357422 0.388672 0.312500 0.386719 0.289062 0.083984 0.332031 0.125000 0.675781 0.062500 0.396484 0.167969 0.576172 0.160156 0.677734 0.066406 0.865234 0.054688 0.693359 0.125000 0.820312 0.146484 0.992188 0.119141
1 0.000000 0.751953 0.009766 0.759766 0.042969 0.755859 0.058594 0.748047 0.050781 0.720703 0.054688 0.712891 0.212891 0.707031 0.208984 0.687500 0.093750 0.693359 0.046875 0.677734 0.011719 0.679688 0.001953 0.683594
1 0.939453 0.625000 0.929688 0.640625 0.929688 0.656250 0.949219 0.761719 0.980469 0.876953 0.986328 0.888672 0.996094 0.892578 0.998047 0.640625 0.982422 0.628906
1 0.203125 0.625000 0.201172 0.617188 0.183594 0.603516 0.150391 0.593750 0.126953 0.607422 0.101562 0.611328 0.066406 0.609375 0.054688 0.619141 0.011719 0.601562 0.000000 0.617188 0.000000 0.644531 0.091797 0.650391 0.095703 0.664062 0.113281 0.652344 0.144531 0.650391 0.169922 0.640625 0.195312 0.642578 0.199219 0.640625
1 0.541016 0.410156 0.521484 0.398438 0.429688 0.419922 0.369141 0.402344 0.316406 0.417969 0.308594 0.443359 0.328125 0.453125 0.275391 0.457031 0.281250 0.521484 0.250000 0.515625 0.287109 0.562500 0.291016 0.714844 0.275391 0.734375 0.195312 0.753906 0.117188 0.740234 0.113281 0.763672 0.314453 0.777344 0.460938 0.681641 0.482422 0.634766 0.535156 0.623047 0.498047 0.589844 0.544922 0.613281 0.595703 0.578125 0.591797 0.529297 0.556641 0.521484 0.533203 0.542969 0.517578 0.482422 0.500000 0.525391 0.455078 0.509766 0.466797 0.466797 0.507812 0.458984
1 0.310547 0.238281 0.308594 0.244141 0.314453 0.376953 0.318359 0.398438 0.330078 0.402344 0.332031 0.394531 0.341797 0.386719 0.355469 0.388672 0.355469 0.375000 0.349609 0.347656 0.341797 0.335938 0.339844 0.322266 0.326172 0.294922 0.324219 0.257812 0.320312 0.246094
1 0.867188 0.058594 0.859375 0.054688 0.845703 0.062500 0.837891 0.056641 0.808594 0.070312 0.771484 0.060547 0.736328 0.082031 0.716797 0.074219 0.679688 0.076172 0.660156 0.085938 0.652344 0.103516 0.626953 0.107422 0.623047 0.121094 0.568359 0.140625 0.599609 0.171875 0.802734 0.144531 0.820312 0.132812 0.740234 0.126953 0.703125 0.132812 0.689453 0.119141 0.705078 0.101562 0.757812 0.091797 0.755859 0.107422 0.771484 0.105469 0.791016 0.083984 0.855469 0.074219
