0 0.863281 0.433594 0.863281 0.457031 0.873047 0.458984 0.888672 0.466797 0.906250 0.466797 0.941406 0.480469 0.962891 0.482422 0.996094 0.494141 0.998047 0.460938 0.953125 0.453125 0.908203 0.441406 0.900391 0.433594 0.896484 0.419922 0.882812 0.417969
0 0.314453 0.283203 0.292969 0.302734 0.298828 0.316406 0.316406 0.330078 0.310547 0.345703 0.296875 0.365234 0.308594 0.371094 0.326172 0.375000 0.333984 0.369141 0.357422 0.359375 0.357422 0.341797 0.369141 0.312500 0.369141 0.300781 0.365234 0.296875 0.355469 0.294922 0.341797 0.287109 0.326172 0.287109
0 0.998047 0.419922 0.998047 0.386719 0.974609 0.384766 0.998047 0.380859 0.998047 0.310547 0.992188 0.310547 0.990234 0.343750 0.976562 0.353516 0.960938 0.347656 0.951172 0.333984 0.955078 0.312500 0.945312 0.277344 0.925781 0.285156 0.921875 0.316406 0.910156 0.324219 0.867188 0.318359 0.830078 0.345703 0.824219 0.320312 0.792969 0.333984 0.792969 0.359375 0.816406 0.361328 0.822266 0.373047 0.851562 0.369141 0.865234 0.337891 0.939453 0.347656 0.945312 0.375000 0.968750 0.382812 0.912109 0.380859 0.916016 0.390625 0.945312 0.408203 0.970703 0.408203
0 0.001953 0.214844 0.005859 0.218750 0.029297 0.218750 0.083984 0.210938 0.238281 0.212891 0.230469 0.203125 0.218750 0.197266 0.154297 0.193359 0.130859 0.203125 0.123047 0.199219 0.091797 0.203125 0.042969 0.193359 0.027344 0.185547 0.017578 0.193359 0.015625 0.203125
0 0.269531 0.193359 0.251953 0.173828 0.246094 0.199219 0.250000 0.222656 0.234375 0.238281 0.214844 0.238281 0.197266 0.251953 0.181641 0.240234 0.158203 0.240234 0.146484 0.232422 0.109375 0.244141 0.085938 0.234375 0.044922 0.234375 0.007812 0.242188 0.000000 0.255859 0.000000 0.287109 0.025391 0.298828 0.044922 0.285156 0.080078 0.279297 0.109375 0.287109 0.136719 0.275391 0.191406 0.283203 0.208984 0.277344 0.222656 0.261719 0.240234 0.271484 0.261719 0.251953 0.273438 0.208984
0 0.998047 0.156250 0.992188 0.156250 0.990234 0.158203 0.984375 0.158203 0.976562 0.167969 0.972656 0.167969 0.970703 0.169922 0.964844 0.169922 0.968750 0.173828 0.970703 0.179688 0.974609 0.183594 0.974609 0.201172 0.980469 0.201172 0.982422 0.199219 0.988281 0.199219 0.990234 0.197266 0.992188 0.197266 0.992188 0.193359 0.994141 0.191406 0.994141 0.187500 0.998047 0.181641
0 0.998047 0.132812 0.992188 0.128906 0.980469 0.128906 0.978516 0.126953 0.970703 0.126953 0.968750 0.125000 0.962891 0.125000 0.960938 0.126953 0.958984 0.126953 0.957031 0.128906 0.955078 0.128906 0.953125 0.130859 0.943359 0.134766 0.945312 0.136719 0.945312 0.148438 0.947266 0.150391 0.947266 0.160156 0.951172 0.160156 0.953125 0.158203 0.966797 0.158203 0.968750 0.156250 0.970703 0.156250 0.972656 0.154297 0.974609 0.154297 0.976562 0.152344 0.986328 0.148438 0.996094 0.138672
0 0.871094 0.035156 0.859375 0.046875 0.857422 0.099609 0.847656 0.164062 0.849609 0.183594 0.869141 0.212891 0.898438 0.208984 0.902344 0.203125 0.931641 0.185547 0.941406 0.173828 0.921875 0.146484 0.933594 0.132812 0.935547 0.113281 0.919922 0.076172 0.916016 0.056641 0.896484 0.060547
0 0.003906 0.031250 0.003906 0.041016 0.007812 0.041016 0.009766 0.042969 0.021484 0.042969 0.046875 0.062500 0.046875 0.072266 0.048828 0.074219 0.050781 0.083984 0.056641 0.083984 0.058594 0.082031 0.062500 0.082031 0.070312 0.078125 0.076172 0.078125 0.083984 0.074219 0.068359 0.050781 0.064453 0.041016 0.056641 0.031250 0.048828 0.029297 0.042969 0.025391 0.033203 0.025391 0.031250 0.023438 0.021484 0.023438 0.011719 0.029297
0 0.416016 0.013672 0.353516 0.037109 0.353516 0.089844 0.322266 0.152344 0.332031 0.167969 0.343750 0.119141 0.400391 0.115234 0.435547 0.142578 0.435547 0.164062 0.408203 0.191406 0.421875 0.197266 0.300781 0.201172 0.281250 0.250000 0.281250 0.300781 0.333984 0.263672 0.341797 0.277344 0.378906 0.291016 0.394531 0.277344 0.427734 0.308594 0.445312 0.283203 0.482422 0.289062 0.494141 0.281250 0.490234 0.234375 0.453125 0.222656 0.439453 0.205078 0.466797 0.179688 0.470703 0.142578
0 0.125000 0.021484 0.125000 0.076172 0.152344 0.091797 0.158203 0.115234 0.179688 0.138672 0.218750 0.152344 0.267578 0.144531 0.300781 0.158203 0.304688 0.140625 0.294922 0.130859 0.257812 0.125000 0.251953 0.107422 0.265625 0.111328 0.285156 0.095703 0.316406 0.126953 0.310547 0.005859 0.281250 0.005859 0.271484 0.035156 0.259766 0.005859 0.228516 0.001953 0.214844 0.023438 0.230469 0.089844 0.222656 0.107422 0.205078 0.111328 0.205078 0.003906 0.191406 0.011719 0.183594 0.031250 0.156250 0.029297 0.152344 0.005859
1 0.818359 0.376953 0.812500 0.439453 0.861328 0.447266 0.861328 0.433594 0.876953 0.417969 0.892578 0.414062 0.904297 0.423828 0.904297 0.435547 0.908203 0.439453 0.984375 0.457031 0.996094 0.455078 0.998047 0.427734 0.976562 0.412109 0.947266 0.414062 0.931641 0.410156 0.908203 0.386719 0.875000 0.375000
1 0.000000 0.402344 0.013672 0.412109 0.050781 0.402344 0.099609 0.404297 0.140625 0.412109 0.150391 0.402344 0.169922 0.408203 0.210938 0.398438 0.224609 0.384766 0.232422 0.365234 0.207031 0.361328 0.158203 0.365234 0.115234 0.355469 0.031250 0.359375 0.021484 0.351562 0.005859 0.351562 0.000000 0.363281
1 0.292969 0.316406 0.285156 0.343750 0.285156 0.371094 0.292969 0.382812 0.310547 0.390625 0.330078 0.390625 0.333984 0.388672 0.351562 0.367188 0.347656 0.365234 0.333984 0.371094 0.326172 0.376953 0.320312 0.375000 0.316406 0.378906 0.312500 0.378906 0.308594 0.375000 0.296875 0.371094 0.294922 0.369141 0.294922 0.355469 0.300781 0.337891 0.300781 0.330078
1 0.369141 0.294922 0.369141 0.298828 0.371094 0.300781 0.371094 0.314453 0.369141 0.316406 0.369141 0.320312 0.361328 0.335938 0.361328 0.347656 0.363281 0.349609 0.363281 0.355469 0.373047 0.355469 0.384766 0.365234 0.392578 0.369141 0.392578 0.363281 0.394531 0.361328 0.394531 0.353516 0.392578 0.351562 0.392578 0.339844 0.388672 0.332031 0.386719 0.318359 0.382812 0.312500 0.382812 0.308594 0.378906 0.300781
1 0.824219 0.304688 0.835938 0.314453 0.851562 0.316406 0.859375 0.320312 0.867188 0.316406 0.880859 0.322266 0.910156 0.322266 0.914062 0.318359 0.919922 0.316406 0.919922 0.312500 0.921875 0.310547 0.921875 0.300781 0.916016 0.292969 0.910156 0.292969 0.908203 0.294922 0.902344 0.291016 0.896484 0.291016 0.894531 0.289062 0.869141 0.289062 0.867188 0.291016 0.847656 0.289062 0.845703 0.291016 0.835938 0.291016 0.833984 0.292969 0.828125 0.292969 0.828125 0.296875
1 0.539062 0.310547 0.519531 0.296875 0.505859 0.298828 0.498047 0.283203 0.494141 0.285156 0.486328 0.298828 0.476562 0.294922 0.464844 0.294922 0.458984 0.291016 0.441406 0.291016 0.439453 0.308594 0.427734 0.326172 0.425781 0.343750 0.435547 0.382812 0.449219 0.378906 0.470703 0.357422 0.480469 0.351562 0.513672 0.345703 0.523438 0.339844 0.533203 0.326172
1 0.800781 0.240234 0.789062 0.242188 0.775391 0.257812 0.769531 0.281250 0.771484 0.367188 0.775391 0.373047 0.781250 0.365234 0.781250 0.359375 0.789062 0.341797 0.789062 0.328125 0.791016 0.324219 0.787109 0.312500 0.787109 0.285156 0.789062 0.283203 0.791016 0.261719 0.800781 0.246094
1 0.455078 0.208984 0.455078 0.210938 0.453125 0.212891 0.453125 0.216797 0.457031 0.220703 0.472656 0.220703 0.476562 0.224609 0.482422 0.226562 0.484375 0.228516 0.484375 0.230469 0.490234 0.232422 0.492188 0.234375 0.492188 0.236328 0.494141 0.236328 0.496094 0.238281 0.505859 0.238281 0.507812 0.240234 0.511719 0.240234 0.513672 0.242188 0.515625 0.242188 0.515625 0.226562 0.511719 0.226562 0.505859 0.222656 0.500000 0.222656 0.498047 0.220703 0.496094 0.220703 0.494141 0.218750 0.490234 0.218750 0.488281 0.216797 0.482422 0.216797 0.480469 0.214844 0.474609 0.214844 0.472656 0.212891 0.468750 0.212891 0.466797 0.210938 0.460938 0.210938 0.458984 0.208984
1 0.935547 0.187500 0.933594 0.189453 0.931641 0.189453 0.927734 0.193359 0.923828 0.193359 0.921875 0.195312 0.912109 0.199219 0.908203 0.203125 0.906250 0.203125 0.900391 0.207031 0.900391 0.208984 0.902344 0.210938 0.902344 0.216797 0.904297 0.218750 0.904297 0.224609 0.906250 0.226562 0.906250 0.238281 0.916016 0.228516 0.917969 0.228516 0.919922 0.226562 0.927734 0.226562 0.929688 0.224609 0.929688 0.222656 0.933594 0.218750 0.933594 0.216797 0.935547 0.214844
1 0.964844 0.171875 0.958984 0.173828 0.941406 0.228516 0.919922 0.250000 0.923828 0.285156 0.941406 0.273438 0.947266 0.277344 0.957031 0.312500 0.955078 0.337891 0.960938 0.345703 0.976562 0.351562 0.988281 0.341797 0.990234 0.332031 0.986328 0.322266 0.998047 0.300781 0.996094 0.201172 0.990234 0.199219 0.980469 0.205078 0.970703 0.205078 0.968750 0.199219 0.972656 0.183594
1 0.355469 0.121094 0.343750 0.136719 0.341797 0.144531 0.353516 0.156250 0.353516 0.158203 0.355469 0.158203 0.367188 0.169922 0.375000 0.173828 0.412109 0.181641 0.419922 0.173828 0.425781 0.162109 0.433594 0.154297 0.433594 0.148438 0.416016 0.130859 0.410156 0.128906 0.404297 0.123047 0.396484 0.119141 0.378906 0.119141 0.375000 0.115234 0.365234 0.115234
1 0.007812 0.052734 0.003906 0.158203 0.242188 0.203125 0.251953 0.171875 0.275391 0.195312 0.265625 0.251953 0.234375 0.277344 0.222656 0.265625 0.191406 0.285156 0.080078 0.281250 0.025391 0.300781 0.007812 0.289062 0.007812 0.304688 0.232422 0.310547 0.265625 0.300781 0.269531 0.320312 0.296875 0.195312 0.328125 0.195312 0.322266 0.179688 0.292969 0.175781 0.263672 0.148438 0.230469 0.158203 0.179688 0.142578 0.158203 0.119141 0.146484 0.132812 0.119141 0.123047 0.082031 0.080078 0.052734 0.087891 0.031250 0.052734
1 0.349609 0.005859 0.349609 0.021484 0.351562 0.021484 0.353516 0.023438 0.357422 0.023438 0.359375 0.025391 0.378906 0.025391 0.380859 0.023438 0.384766 0.023438 0.386719 0.021484 0.394531 0.021484 0.396484 0.019531 0.410156 0.013672 0.410156 0.007812 0.408203 0.005859 0.398438 0.005859 0.396484 0.003906 0.390625 0.003906 0.388672 0.001953 0.363281 0.001953 0.361328 0.000000 0.355469 0.000000
