0 0.697266 0.654297 0.695312 0.630859 0.679688 0.621094 0.597656 0.603516 0.605469 0.533203 0.595703 0.541016 0.576172 0.521484 0.460938 0.537109 0.449219 0.525391 0.277344 0.533203 0.291016 0.566406 0.312500 0.539062 0.330078 0.558594 0.361328 0.550781 0.373047 0.558594 0.382812 0.546875 0.408203 0.568359 0.421875 0.544922 0.455078 0.550781 0.457031 0.576172 0.470703 0.583984 0.511719 0.537109 0.517578 0.580078 0.544922 0.580078 0.525391 0.603516 0.529297 0.640625
0 0.826172 0.531250 0.835938 0.539062 0.841797 0.539062 0.857422 0.529297 0.859375 0.521484 0.853516 0.498047 0.998047 0.498047 0.996094 0.472656 0.976562 0.466797 0.951172 0.478516 0.939453 0.478516 0.923828 0.472656 0.849609 0.466797 0.841797 0.472656 0.839844 0.488281 0.828125 0.503906
0 0.769531 0.462891 0.761719 0.462891 0.759766 0.460938 0.744141 0.460938 0.738281 0.462891 0.726562 0.472656 0.710938 0.480469 0.707031 0.484375 0.705078 0.492188 0.712891 0.505859 0.712891 0.509766 0.736328 0.521484 0.742188 0.521484 0.746094 0.525391 0.746094 0.531250 0.740234 0.537109 0.736328 0.544922 0.746094 0.542969 0.750000 0.539062 0.751953 0.529297 0.757812 0.517578 0.759766 0.486328 0.763672 0.480469 0.763672 0.474609
0 0.628906 0.458984 0.619141 0.464844 0.617188 0.472656 0.617188 0.527344 0.630859 0.546875 0.650391 0.552734 0.658203 0.560547 0.662109 0.574219 0.671875 0.580078 0.679688 0.574219 0.681641 0.566406 0.693359 0.552734 0.689453 0.535156 0.685547 0.527344 0.679688 0.533203 0.673828 0.533203 0.662109 0.525391 0.660156 0.519531 0.662109 0.490234 0.658203 0.500000 0.646484 0.511719 0.638672 0.505859 0.638672 0.486328
0 0.802734 0.335938 0.798828 0.339844 0.798828 0.351562 0.796875 0.353516 0.796875 0.361328 0.798828 0.363281 0.798828 0.390625 0.791016 0.406250 0.781250 0.416016 0.767578 0.423828 0.771484 0.443359 0.773438 0.441406 0.785156 0.441406 0.794922 0.435547 0.808594 0.435547 0.822266 0.419922 0.810547 0.392578 0.810547 0.359375
0 0.185547 0.296875 0.091797 0.294922 0.070312 0.291016 0.050781 0.277344 0.048828 0.304688 0.074219 0.320312 0.099609 0.324219 0.099609 0.349609 0.070312 0.359375 0.005859 0.365234 0.001953 0.425781 0.029297 0.429688 0.064453 0.423828 0.054688 0.408203 0.025391 0.404297 0.025391 0.392578 0.062500 0.378906 0.072266 0.388672 0.087891 0.388672 0.103516 0.373047 0.134766 0.367188 0.158203 0.341797 0.173828 0.337891
0 0.421875 0.039062 0.417969 0.042969 0.417969 0.044922 0.416016 0.046875 0.414062 0.046875 0.414062 0.048828 0.398438 0.064453 0.398438 0.066406 0.396484 0.068359 0.396484 0.072266 0.394531 0.074219 0.394531 0.080078 0.392578 0.082031 0.392578 0.089844 0.398438 0.097656 0.398438 0.099609 0.404297 0.095703 0.410156 0.095703 0.419922 0.089844 0.423828 0.089844 0.423828 0.087891 0.425781 0.085938 0.425781 0.082031 0.429688 0.076172 0.429688 0.066406 0.431641 0.064453 0.431641 0.058594 0.429688 0.056641 0.429688 0.052734
0 0.593750 0.005859 0.572266 0.115234 0.544922 0.085938 0.554688 0.222656 0.525391 0.236328 0.492188 0.339844 0.505859 0.375000 0.476562 0.365234 0.453125 0.283203 0.427734 0.306641 0.392578 0.261719 0.392578 0.101562 0.355469 0.005859 0.330078 0.097656 0.367188 0.148438 0.335938 0.267578 0.291016 0.269531 0.238281 0.312500 0.246094 0.279297 0.189453 0.318359 0.416016 0.394531 0.386719 0.427734 0.330078 0.398438 0.197266 0.394531 0.208984 0.433594 0.433594 0.451172 0.466797 0.423828 0.460938 0.460938 0.416016 0.482422 0.464844 0.501953 0.507812 0.443359 0.638672 0.406250 0.638672 0.226562 0.587891 0.222656
0 0.623047 0.001953 0.646484 0.099609 0.642578 0.212891 0.671875 0.347656 0.685547 0.376953 0.683594 0.312500 0.693359 0.294922 0.703125 0.357422 0.716797 0.365234 0.724609 0.402344 0.740234 0.410156 0.759766 0.396484 0.767578 0.363281 0.755859 0.347656 0.740234 0.359375 0.730469 0.343750 0.751953 0.279297 0.738281 0.281250 0.720703 0.318359 0.714844 0.277344 0.697266 0.285156 0.716797 0.220703 0.712891 0.195312 0.697266 0.195312 0.705078 0.037109 0.718750 0.005859
1 0.591797 0.585938 0.585938 0.580078 0.580078 0.580078 0.578125 0.582031 0.576172 0.582031 0.574219 0.583984 0.572266 0.583984 0.570312 0.585938 0.566406 0.585938 0.564453 0.587891 0.562500 0.587891 0.558594 0.591797 0.558594 0.595703 0.556641 0.597656 0.556641 0.599609 0.558594 0.599609 0.560547 0.601562 0.564453 0.601562 0.566406 0.603516 0.568359 0.603516 0.570312 0.605469 0.580078 0.605469 0.580078 0.593750 0.582031 0.591797 0.583984 0.591797 0.585938 0.589844 0.587891 0.589844 0.589844 0.587891 0.591797 0.587891
1 0.310547 0.568359 0.326172 0.593750 0.359375 0.605469 0.390625 0.605469 0.404297 0.619141 0.429688 0.613281 0.449219 0.603516 0.484375 0.609375 0.517578 0.607422 0.539062 0.587891 0.535156 0.580078 0.525391 0.580078 0.513672 0.585938 0.484375 0.589844 0.433594 0.589844 0.402344 0.580078 0.337891 0.574219 0.320312 0.566406
1 0.238281 0.574219 0.238281 0.583984 0.269531 0.583984 0.275391 0.589844 0.287109 0.591797 0.289062 0.593750 0.294922 0.593750 0.296875 0.595703 0.296875 0.593750 0.306641 0.582031 0.291016 0.576172 0.283203 0.568359 0.283203 0.566406 0.277344 0.558594 0.277344 0.550781 0.273438 0.544922 0.265625 0.544922 0.253906 0.550781 0.253906 0.554688 0.251953 0.556641 0.250000 0.564453
1 0.824219 0.541016 0.824219 0.595703 0.822266 0.597656 0.824219 0.615234 0.832031 0.619141 0.839844 0.619141 0.853516 0.613281 0.882812 0.613281 0.890625 0.609375 0.908203 0.607422 0.917969 0.603516 0.921875 0.576172 0.910156 0.562500 0.884766 0.550781 0.863281 0.537109 0.849609 0.537109 0.841797 0.541016 0.833984 0.539062
1 0.664062 0.435547 0.664062 0.437500 0.679688 0.451172 0.683594 0.458984 0.697266 0.472656 0.707031 0.478516 0.712891 0.478516 0.720703 0.474609 0.732422 0.464844 0.744141 0.458984 0.767578 0.460938 0.765625 0.439453 0.759766 0.433594 0.755859 0.433594 0.751953 0.429688 0.744141 0.429688 0.742188 0.427734 0.701172 0.427734 0.699219 0.425781 0.671875 0.423828
1 0.773438 0.583984 0.728516 0.550781 0.742188 0.531250 0.716797 0.523438 0.703125 0.494141 0.699219 0.562500 0.677734 0.591797 0.621094 0.544922 0.617188 0.464844 0.656250 0.443359 0.662109 0.427734 0.634766 0.419922 0.515625 0.453125 0.486328 0.472656 0.476562 0.507812 0.447266 0.513672 0.376953 0.496094 0.294922 0.519531 0.322266 0.529297 0.449219 0.523438 0.460938 0.535156 0.597656 0.515625 0.607422 0.589844 0.685547 0.621094 0.716797 0.652344 0.763672 0.619141
1 0.150391 0.417969 0.150391 0.431641 0.164062 0.431641 0.166016 0.433594 0.177734 0.433594 0.179688 0.435547 0.197266 0.435547 0.199219 0.433594 0.205078 0.433594 0.205078 0.419922 0.193359 0.410156 0.191406 0.410156 0.177734 0.396484 0.167969 0.396484 0.166016 0.398438 0.162109 0.398438 0.162109 0.400391 0.158203 0.404297 0.158203 0.406250 0.154297 0.410156 0.154297 0.412109
1 0.062500 0.412109 0.062500 0.419922 0.066406 0.423828 0.070312 0.423828 0.072266 0.425781 0.078125 0.425781 0.080078 0.427734 0.107422 0.427734 0.109375 0.425781 0.121094 0.425781 0.123047 0.423828 0.128906 0.423828 0.126953 0.421875 0.126953 0.414062 0.125000 0.412109 0.125000 0.406250 0.111328 0.392578 0.109375 0.392578 0.107422 0.388672 0.091797 0.388672 0.085938 0.392578 0.082031 0.392578 0.078125 0.396484 0.072266 0.398438 0.068359 0.402344 0.066406 0.408203
1 0.001953 0.304688 0.003906 0.320312 0.031250 0.345703 0.056641 0.353516 0.062500 0.357422 0.080078 0.355469 0.097656 0.347656 0.097656 0.341797 0.101562 0.332031 0.099609 0.326172 0.066406 0.322266 0.046875 0.310547 0.021484 0.308594 0.005859 0.300781
1 0.691406 0.296875 0.691406 0.300781 0.687500 0.306641 0.687500 0.365234 0.689453 0.367188 0.689453 0.384766 0.695312 0.384766 0.718750 0.396484 0.718750 0.380859 0.716797 0.378906 0.714844 0.367188 0.712891 0.365234 0.703125 0.365234 0.699219 0.359375 0.699219 0.351562 0.697266 0.349609 0.699219 0.345703 0.699219 0.310547 0.697266 0.308594 0.695312 0.298828
1 0.642578 0.228516 0.636719 0.242188 0.632812 0.265625 0.632812 0.283203 0.636719 0.291016 0.640625 0.314453 0.640625 0.337891 0.628906 0.357422 0.628906 0.371094 0.638672 0.390625 0.673828 0.361328 0.669922 0.345703 0.662109 0.339844 0.667969 0.330078 0.667969 0.312500 0.658203 0.296875 0.654297 0.281250 0.656250 0.255859
