0 0.841797 0.335938 0.771484 0.376953 0.804688 0.410156 0.761719 0.496094 0.753906 0.568359 0.765625 0.632812 0.841797 0.500000 0.845703 0.531250 0.878906 0.550781 0.878906 0.623047 0.859375 0.656250 0.806641 0.642578 0.785156 0.621094 0.765625 0.648438 0.794922 0.654297 0.806641 0.675781 0.773438 0.683594 0.785156 0.697266 0.919922 0.724609 0.945312 0.707031 0.998047 0.570312 0.988281 0.509766 0.957031 0.496094 0.998047 0.496094 0.998047 0.380859 0.978516 0.392578 0.927734 0.330078 0.919922 0.384766 0.900391 0.353516
0 0.355469 0.058594 0.351562 0.056641 0.314453 0.066406 0.292969 0.056641 0.275391 0.062500 0.265625 0.091797 0.269531 0.138672 0.267578 0.164062 0.279297 0.158203 0.289062 0.138672 0.292969 0.113281 0.310547 0.089844 0.332031 0.078125 0.343750 0.074219 0.359375 0.076172 0.365234 0.070312
0 0.001953 0.142578 0.000000 0.263672 0.064453 0.238281 0.044922 0.292969 0.000000 0.273438 0.000000 0.359375 0.275391 0.349609 0.267578 0.460938 0.455078 0.378906 0.558594 0.423828 0.669922 0.396484 0.679688 0.470703 0.277344 0.472656 0.291016 0.523438 0.433594 0.564453 0.671875 0.544922 0.609375 0.572266 0.652344 0.591797 0.615234 0.619141 0.265625 0.583984 0.253906 0.492188 0.177734 0.589844 0.667969 0.681641 0.726562 0.654297 0.666016 0.603516 0.736328 0.556641 0.765625 0.347656 0.843750 0.253906 0.939453 0.275391 0.919922 0.099609 0.865234 0.140625 0.804688 0.103516 0.785156 0.175781 0.781250 0.111328 0.687500 0.080078 0.636719 0.119141 0.535156 0.031250 0.458984 0.136719 0.501953 0.218750 0.048828 0.142578 0.029297 0.220703
1 0.759766 0.597656 0.748047 0.613281 0.750000 0.664062 0.753906 0.669922 0.755859 0.679688 0.771484 0.681641 0.779297 0.677734 0.802734 0.675781 0.802734 0.671875 0.796875 0.664062 0.794922 0.656250 0.789062 0.656250 0.779297 0.660156 0.775391 0.656250 0.771484 0.658203 0.765625 0.656250 0.763672 0.648438 0.773438 0.634766 0.763672 0.634766 0.759766 0.628906
1 0.251953 0.582031 0.251953 0.585938 0.250000 0.587891 0.250000 0.591797 0.246094 0.597656 0.246094 0.605469 0.248047 0.605469 0.250000 0.607422 0.259766 0.607422 0.261719 0.609375 0.269531 0.609375 0.271484 0.611328 0.275391 0.611328 0.279297 0.607422 0.279297 0.603516 0.277344 0.601562 0.277344 0.597656 0.275391 0.595703 0.275391 0.593750 0.273438 0.591797 0.265625 0.591797 0.261719 0.597656 0.257812 0.593750 0.257812 0.591797 0.255859 0.589844 0.255859 0.587891
1 0.646484 0.593750 0.621094 0.587891 0.603516 0.574219 0.572266 0.562500 0.556641 0.560547 0.533203 0.562500 0.507812 0.570312 0.490234 0.564453 0.457031 0.564453 0.437500 0.578125 0.470703 0.601562 0.517578 0.601562 0.527344 0.617188 0.537109 0.623047 0.554688 0.619141 0.580078 0.623047 0.595703 0.613281 0.615234 0.617188 0.636719 0.605469
1 0.589844 0.544922 0.593750 0.544922 0.597656 0.548828 0.607422 0.552734 0.607422 0.570312 0.611328 0.570312 0.613281 0.572266 0.650391 0.572266 0.652344 0.574219 0.669922 0.574219 0.673828 0.576172 0.677734 0.572266 0.683594 0.558594 0.671875 0.546875 0.648438 0.546875 0.638672 0.539062 0.621094 0.539062 0.619141 0.541016 0.603516 0.542969 0.601562 0.544922
1 0.841797 0.505859 0.828125 0.523438 0.828125 0.537109 0.824219 0.542969 0.806641 0.554688 0.792969 0.601562 0.783203 0.609375 0.781250 0.619141 0.785156 0.619141 0.806641 0.640625 0.843750 0.654297 0.853516 0.654297 0.869141 0.640625 0.876953 0.623047 0.878906 0.574219 0.873047 0.560547 0.871094 0.542969 0.863281 0.535156 0.843750 0.531250
1 0.267578 0.468750 0.257812 0.515625 0.232422 0.535156 0.240234 0.554688 0.236328 0.568359 0.248047 0.566406 0.277344 0.582031 0.304688 0.574219 0.373047 0.591797 0.373047 0.564453 0.386719 0.574219 0.390625 0.591797 0.404297 0.595703 0.412109 0.578125 0.410156 0.568359 0.388672 0.541016 0.369141 0.535156 0.347656 0.537109 0.326172 0.523438 0.289062 0.527344 0.279297 0.500000 0.275391 0.466797
1 0.285156 0.460938 0.289062 0.470703 0.332031 0.480469 0.439453 0.482422 0.458984 0.476562 0.494141 0.503906 0.509766 0.503906 0.531250 0.486328 0.615234 0.486328 0.675781 0.470703 0.677734 0.449219 0.662109 0.386719 0.644531 0.392578 0.619141 0.419922 0.556641 0.427734 0.509766 0.398438 0.453125 0.382812 0.414062 0.398438 0.357422 0.443359 0.306641 0.427734
1 0.009766 0.228516 0.009766 0.234375 0.007812 0.236328 0.007812 0.242188 0.003906 0.251953 0.003906 0.259766 0.001953 0.261719 0.001953 0.275391 0.015625 0.298828 0.023438 0.294922 0.039062 0.292969 0.046875 0.287109 0.056641 0.269531 0.056641 0.261719 0.058594 0.259766 0.058594 0.251953 0.060547 0.250000 0.060547 0.236328 0.048828 0.238281 0.046875 0.240234 0.037109 0.242188 0.031250 0.246094 0.025391 0.246094 0.015625 0.236328 0.011719 0.228516
1 0.001953 0.113281 0.029297 0.218750 0.060547 0.197266 0.048828 0.140625 0.306641 0.191406 0.509766 0.208984 0.437500 0.144531 0.431641 0.189453 0.412109 0.121094 0.363281 0.074219 0.300781 0.103516 0.287109 0.171875 0.201172 0.154297 0.253906 0.152344 0.250000 0.070312 0.244141 0.103516 0.222656 0.072266 0.199219 0.080078 0.181641 0.138672 0.201172 0.154297
