0 0.228516 0.687500 0.353516 0.775391 0.701172 0.960938 0.861328 0.783203 0.859375 0.771484 0.808594 0.830078 0.808594 0.771484 0.789062 0.787109 0.779297 0.830078 0.748047 0.851562 0.742188 0.884766 0.714844 0.892578 0.701172 0.878906 0.667969 0.898438 0.646484 0.873047 0.625000 0.878906 0.597656 0.822266 0.529297 0.785156 0.472656 0.775391 0.369141 0.710938 0.343750 0.736328 0.291016 0.691406
0 0.998047 0.546875 0.960938 0.539062 0.960938 0.562500 0.910156 0.564453 0.871094 0.521484 0.837891 0.568359 0.791016 0.560547 0.792969 0.472656 0.753906 0.507812 0.759766 0.554688 0.699219 0.544922 0.640625 0.580078 0.636719 0.621094 0.697266 0.591797 0.714844 0.611328 0.636719 0.671875 0.632812 0.658203 0.519531 0.656250 0.517578 0.632812 0.425781 0.632812 0.447266 0.683594 0.527344 0.710938 0.589844 0.775391 0.679688 0.744141 0.689453 0.699219 0.708984 0.740234 0.800781 0.748047 0.779297 0.669922 0.710938 0.656250 0.714844 0.605469 0.734375 0.603516 0.744141 0.632812 0.937500 0.666016 0.996094 0.605469
0 0.849609 0.279297 0.847656 0.296875 0.853516 0.312500 0.849609 0.380859 0.849609 0.527344 0.861328 0.498047 0.859375 0.347656 0.871094 0.296875 0.869141 0.289062
0 0.447266 0.281250 0.439453 0.310547 0.437500 0.416016 0.421875 0.458984 0.447266 0.441406 0.458984 0.412109 0.470703 0.402344 0.478516 0.416016 0.494141 0.419922 0.503906 0.435547 0.498047 0.470703 0.519531 0.509766 0.541016 0.509766 0.546875 0.494141 0.546875 0.458984 0.521484 0.457031 0.503906 0.394531 0.492188 0.380859 0.494141 0.369141 0.480469 0.349609 0.480469 0.333984 0.496094 0.312500 0.496094 0.283203 0.486328 0.273438
0 0.710938 0.261719 0.710938 0.267578 0.712891 0.269531 0.712891 0.273438 0.714844 0.275391 0.714844 0.287109 0.716797 0.289062 0.716797 0.296875 0.720703 0.300781 0.724609 0.300781 0.728516 0.296875 0.728516 0.294922 0.730469 0.292969 0.730469 0.291016 0.732422 0.289062 0.732422 0.287109 0.734375 0.285156 0.734375 0.283203 0.736328 0.281250 0.736328 0.279297 0.734375 0.277344 0.732422 0.277344 0.730469 0.275391 0.728516 0.275391 0.724609 0.271484 0.724609 0.269531 0.720703 0.265625 0.720703 0.263672 0.718750 0.261719
0 0.392578 0.261719 0.390625 0.267578 0.380859 0.275391 0.349609 0.271484 0.339844 0.277344 0.349609 0.289062 0.355469 0.306641 0.353516 0.416016 0.359375 0.433594 0.378906 0.453125 0.384766 0.445312 0.386719 0.390625 0.378906 0.349609 0.388672 0.314453
0 0.876953 0.169922 0.871094 0.175781 0.871094 0.185547 0.873047 0.187500 0.875000 0.207031 0.876953 0.208984 0.876953 0.218750 0.871094 0.232422 0.873047 0.234375 0.873047 0.248047 0.875000 0.250000 0.875000 0.257812 0.878906 0.265625 0.878906 0.271484 0.880859 0.275391 0.886719 0.279297 0.892578 0.269531 0.892578 0.255859 0.884766 0.246094 0.886719 0.244141 0.888672 0.222656 0.894531 0.207031 0.894531 0.187500 0.890625 0.183594 0.886719 0.183594 0.880859 0.177734 0.878906 0.169922
0 0.849609 0.160156 0.843750 0.169922 0.841797 0.187500 0.832031 0.201172 0.796875 0.201172 0.806641 0.207031 0.808594 0.214844 0.779297 0.238281 0.771484 0.250000 0.771484 0.267578 0.794922 0.250000 0.806641 0.251953 0.814453 0.234375 0.826172 0.226562 0.841797 0.228516
0 0.505859 0.156250 0.492188 0.148438 0.451172 0.148438 0.416016 0.160156 0.376953 0.166016 0.253906 0.197266 0.292969 0.208984 0.318359 0.205078 0.312500 0.201172 0.328125 0.189453 0.343750 0.189453 0.373047 0.175781 0.406250 0.173828 0.447266 0.160156 0.494141 0.164062
0 0.890625 0.123047 0.892578 0.152344 0.896484 0.160156 0.908203 0.160156 0.912109 0.162109 0.914062 0.160156 0.929688 0.160156 0.933594 0.158203 0.935547 0.160156 0.947266 0.162109 0.974609 0.177734 0.982422 0.175781 0.974609 0.164062 0.937500 0.142578 0.933594 0.138672 0.927734 0.136719 0.923828 0.132812 0.912109 0.126953
0 0.785156 0.089844 0.779297 0.085938 0.763672 0.085938 0.761719 0.087891 0.755859 0.087891 0.753906 0.089844 0.748047 0.089844 0.742188 0.095703 0.742188 0.097656 0.738281 0.103516 0.738281 0.109375 0.740234 0.111328 0.740234 0.115234 0.742188 0.117188 0.748047 0.117188 0.750000 0.119141 0.763672 0.119141 0.765625 0.117188 0.767578 0.117188 0.769531 0.115234 0.769531 0.113281 0.773438 0.109375 0.783203 0.109375 0.783203 0.107422 0.787109 0.101562 0.787109 0.095703 0.785156 0.093750
0 0.501953 0.142578 0.533203 0.152344 0.564453 0.142578 0.572266 0.160156 0.607422 0.158203 0.626953 0.259766 0.660156 0.285156 0.666016 0.271484 0.638672 0.230469 0.626953 0.158203 0.626953 0.121094 0.636719 0.082031 0.623047 0.089844 0.617188 0.125000 0.609375 0.134766 0.560547 0.126953 0.537109 0.128906
0 0.748047 0.041016 0.744141 0.044922 0.744141 0.048828 0.742188 0.050781 0.742188 0.058594 0.740234 0.060547 0.740234 0.062500 0.742188 0.062500 0.744141 0.064453 0.755859 0.064453 0.759766 0.068359 0.763672 0.080078 0.765625 0.078125 0.769531 0.078125 0.771484 0.076172 0.773438 0.076172 0.783203 0.066406 0.783203 0.058594 0.781250 0.056641 0.781250 0.054688 0.777344 0.050781 0.777344 0.048828 0.775391 0.048828 0.771484 0.044922 0.769531 0.044922 0.763672 0.039062 0.761719 0.039062 0.759766 0.041016
0 0.142578 0.001953 0.177734 0.025391 0.214844 0.060547 0.248047 0.078125 0.443359 0.003906
0 0.564453 0.000000 0.636719 0.033203 0.658203 0.037109 0.662109 0.019531 0.693359 0.021484 0.701172 0.037109 0.728516 0.052734 0.738281 0.042969 0.736328 0.035156 0.734375 0.037109 0.720703 0.029297 0.705078 0.011719 0.679688 0.003906
0 0.125000 0.007812 0.115234 0.000000 0.101562 0.000000 0.099609 0.001953 0.015625 0.001953 0.013672 0.003906 0.001953 0.003906 0.000000 0.023438 0.003906 0.035156 0.015625 0.035156 0.044922 0.042969 0.060547 0.042969 0.062500 0.041016 0.080078 0.039062 0.123047 0.011719
1 0.251953 0.630859 0.275391 0.646484 0.564453 0.765625 0.574219 0.757812 0.560547 0.748047 0.544922 0.746094 0.533203 0.732422 0.507812 0.730469 0.460938 0.705078 0.451172 0.710938 0.441406 0.707031 0.394531 0.666016 0.375000 0.666016 0.357422 0.654297 0.316406 0.648438 0.304688 0.636719 0.265625 0.623047
1 0.259766 0.523438 0.294922 0.544922 0.300781 0.572266 0.333984 0.589844 0.468750 0.630859 0.517578 0.630859 0.521484 0.652344 0.593750 0.660156 0.638672 0.652344 0.636719 0.666016 0.710938 0.621094 0.697266 0.597656 0.644531 0.625000 0.646484 0.650391 0.636719 0.628906 0.546875 0.597656 0.433594 0.578125 0.371094 0.544922 0.273438 0.519531
1 0.470703 0.404297 0.460938 0.412109 0.457031 0.433594 0.453125 0.441406 0.427734 0.468750 0.419922 0.488281 0.425781 0.503906 0.488281 0.501953 0.515625 0.505859 0.503906 0.492188 0.496094 0.476562 0.496094 0.464844 0.503906 0.445312 0.498047 0.427734 0.494141 0.423828 0.480469 0.419922
1 0.798828 0.253906 0.791016 0.253906 0.791016 0.255859 0.783203 0.263672 0.783203 0.265625 0.777344 0.271484 0.777344 0.273438 0.779297 0.275391 0.781250 0.275391 0.783203 0.277344 0.792969 0.277344 0.794922 0.275391 0.800781 0.275391 0.800781 0.273438 0.802734 0.271484 0.802734 0.267578 0.804688 0.265625 0.804688 0.263672 0.802734 0.261719 0.802734 0.259766 0.798828 0.255859
1 0.804688 0.214844 0.791016 0.205078 0.746094 0.207031 0.740234 0.210938 0.730469 0.222656 0.730469 0.226562 0.726562 0.232422 0.726562 0.236328 0.720703 0.250000 0.720703 0.261719 0.724609 0.263672 0.744141 0.255859 0.767578 0.253906 0.781250 0.232422 0.794922 0.218750
1 0.394531 0.189453 0.306641 0.208984 0.318359 0.228516 0.320312 0.287109 0.312500 0.308594 0.320312 0.416016 0.298828 0.482422 0.347656 0.476562 0.373047 0.480469 0.386719 0.474609 0.351562 0.416016 0.353516 0.306641 0.337891 0.275391 0.349609 0.269531 0.380859 0.273438 0.390625 0.263672 0.390625 0.232422 0.412109 0.199219
1 0.585938 0.160156 0.572266 0.162109 0.560547 0.156250 0.533203 0.158203 0.503906 0.169922 0.439453 0.177734 0.429688 0.185547 0.437500 0.195312 0.437500 0.207031 0.453125 0.240234 0.462891 0.246094 0.476562 0.263672 0.496094 0.269531 0.533203 0.253906 0.560547 0.250000 0.558594 0.212891 0.572266 0.175781
