0 0.296875 0.478516 0.296875 0.521484 0.312500 0.511719 0.341797 0.509766 0.367188 0.527344 0.427734 0.529297 0.451172 0.525391 0.447266 0.501953 0.425781 0.486328 0.416016 0.486328 0.392578 0.476562 0.343750 0.472656 0.302734 0.462891
0 0.998047 0.369141 0.941406 0.375000 0.927734 0.386719 0.912109 0.390625 0.789062 0.392578 0.738281 0.410156 0.722656 0.445312 0.734375 0.470703 0.751953 0.476562 0.841797 0.480469 0.863281 0.490234 0.898438 0.486328 0.931641 0.498047 0.998047 0.486328
0 0.605469 0.292969 0.597656 0.300781 0.597656 0.302734 0.599609 0.304688 0.599609 0.316406 0.601562 0.318359 0.601562 0.330078 0.603516 0.332031 0.603516 0.335938 0.605469 0.337891 0.607422 0.343750 0.613281 0.339844 0.617188 0.339844 0.617188 0.337891 0.619141 0.335938 0.619141 0.326172 0.621094 0.324219 0.621094 0.314453 0.623047 0.312500 0.623047 0.304688 0.621094 0.302734 0.619141 0.302734 0.613281 0.296875 0.611328 0.296875 0.607422 0.292969
0 0.236328 0.294922 0.271484 0.306641 0.328125 0.308594 0.339844 0.314453 0.386719 0.300781 0.433594 0.310547 0.449219 0.298828 0.476562 0.302734 0.488281 0.273438 0.480469 0.267578 0.462891 0.265625 0.421875 0.273438 0.394531 0.271484 0.363281 0.285156 0.324219 0.285156 0.302734 0.292969 0.285156 0.291016 0.279297 0.279297 0.287109 0.265625 0.273438 0.263672 0.250000 0.271484
0 0.595703 0.099609 0.591797 0.103516 0.585938 0.117188 0.585938 0.146484 0.593750 0.160156 0.597656 0.191406 0.603516 0.208984 0.607422 0.214844 0.617188 0.220703 0.623047 0.216797 0.625000 0.201172 0.628906 0.191406 0.628906 0.171875 0.621094 0.154297 0.609375 0.154297 0.601562 0.140625 0.601562 0.117188 0.607422 0.101562
0 0.607422 0.000000 0.605469 0.003906 0.601562 0.005859 0.601562 0.011719 0.603516 0.013672 0.603516 0.017578 0.607422 0.025391 0.607422 0.037109 0.609375 0.039062 0.609375 0.054688 0.619141 0.060547 0.621094 0.056641 0.621094 0.046875 0.623047 0.044922 0.623047 0.041016 0.630859 0.033203 0.634766 0.031250 0.630859 0.029297 0.625000 0.029297 0.619141 0.025391 0.625000 0.019531 0.625000 0.017578 0.630859 0.009766 0.625000 0.001953 0.625000 0.000000
0 0.509766 0.005859 0.494141 0.000000 0.466797 0.019531 0.453125 0.046875 0.449219 0.126953 0.431641 0.142578 0.201172 0.169922 0.179688 0.203125 0.433594 0.183594 0.472656 0.160156 0.498047 0.234375 0.500000 0.298828 0.521484 0.238281 0.509766 0.154297 0.513672 0.082031 0.501953 0.041016
1 0.023438 0.029297 0.021484 0.037109 0.031250 0.066406 0.046875 0.097656 0.044922 0.140625 0.027344 0.177734 0.025391 0.193359 0.035156 0.205078 0.083984 0.207031 0.113281 0.167969 0.150391 0.140625 0.130859 0.142578 0.115234 0.132812 0.134766 0.093750 0.117188 0.109375 0.111328 0.109375 0.101562 0.097656 0.091797 0.068359 0.050781 0.064453
2 0.218750 0.417969 0.205078 0.458984 0.392578 0.474609 0.451172 0.505859 0.447266 0.537109 0.306641 0.517578 0.300781 0.541016 0.351562 0.556641 0.292969 0.625000 0.298828 0.650391 0.337891 0.652344 0.593750 0.783203 0.642578 0.777344 0.769531 0.611328 0.769531 0.572266 0.806641 0.576172 0.808594 0.509766 0.839844 0.488281 0.732422 0.478516 0.714844 0.427734 0.734375 0.404297 0.617188 0.402344 0.619141 0.371094 0.591797 0.355469 0.472656 0.365234 0.429688 0.398438
2 0.000000 0.037109 0.001953 0.304688 0.062500 0.291016 0.083984 0.300781 0.226562 0.289062 0.257812 0.261719 0.289062 0.259766 0.285156 0.289062 0.496094 0.263672 0.468750 0.166016 0.425781 0.191406 0.371094 0.185547 0.119141 0.216797 0.033203 0.207031 0.023438 0.183594 0.042969 0.140625 0.042969 0.097656 0.011719 0.025391
