0 0.998047 0.671875 0.996094 0.638672 0.962891 0.632812 0.945312 0.605469 0.921875 0.603516 0.898438 0.609375 0.880859 0.619141 0.822266 0.619141 0.800781 0.626953 0.800781 0.638672 0.810547 0.646484 0.839844 0.652344 0.876953 0.666016 0.884766 0.656250 0.900391 0.656250 0.921875 0.666016 0.949219 0.658203 0.984375 0.662109
0 0.564453 0.509766 0.552734 0.496094 0.517578 0.492188 0.451172 0.496094 0.408203 0.507812 0.406250 0.531250 0.412109 0.550781 0.433594 0.552734 0.441406 0.539062 0.447266 0.507812 0.457031 0.517578 0.458984 0.568359 0.480469 0.574219 0.492188 0.564453 0.472656 0.550781 0.470703 0.529297 0.480469 0.509766 0.496094 0.507812 0.511719 0.525391 0.523438 0.525391 0.542969 0.511719 0.554688 0.519531
0 0.000000 0.488281 0.000000 0.529297 0.269531 0.527344 0.283203 0.554688 0.320312 0.562500 0.355469 0.556641 0.396484 0.521484 0.400391 0.509766 0.373047 0.496094 0.330078 0.500000 0.316406 0.494141 0.294922 0.501953 0.255859 0.494141 0.214844 0.505859 0.173828 0.505859 0.134766 0.519531 0.068359 0.517578 0.031250 0.488281
0 0.597656 0.500000 0.603516 0.521484 0.634766 0.531250 0.681641 0.507812 0.685547 0.542969 0.701172 0.525391 0.710938 0.521484 0.767578 0.519531 0.789062 0.523438 0.759766 0.501953 0.755859 0.478516 0.722656 0.474609 0.720703 0.500000 0.697266 0.505859 0.687500 0.498047 0.681641 0.468750 0.662109 0.468750 0.664062 0.486328 0.660156 0.496094 0.634766 0.498047 0.617188 0.494141
0 0.212891 0.347656 0.214844 0.378906 0.212891 0.380859 0.203125 0.371094 0.195312 0.375000 0.207031 0.396484 0.228516 0.425781 0.267578 0.431641 0.255859 0.419922 0.255859 0.390625 0.238281 0.392578 0.232422 0.396484 0.228516 0.394531 0.232422 0.363281 0.234375 0.361328 0.226562 0.345703
0 0.718750 0.324219 0.718750 0.378906 0.720703 0.380859 0.720703 0.384766 0.722656 0.386719 0.724609 0.384766 0.724609 0.380859 0.726562 0.378906 0.726562 0.376953 0.730469 0.373047 0.730469 0.365234 0.732422 0.363281 0.732422 0.345703 0.730469 0.343750 0.730469 0.341797 0.728516 0.339844 0.728516 0.337891 0.726562 0.335938 0.724609 0.330078
0 0.992188 0.285156 0.988281 0.300781 0.990234 0.330078 0.980469 0.337891 0.976562 0.371094 0.970703 0.371094 0.968750 0.375000 0.966797 0.402344 0.962891 0.412109 0.962891 0.437500 0.972656 0.457031 0.974609 0.470703 0.996094 0.429688 0.992188 0.369141
0 0.875000 0.238281 0.863281 0.250000 0.861328 0.250000 0.861328 0.253906 0.863281 0.255859 0.863281 0.261719 0.869141 0.261719 0.871094 0.263672 0.875000 0.263672 0.876953 0.265625 0.878906 0.265625 0.884766 0.259766 0.886719 0.259766 0.888672 0.257812 0.888672 0.255859 0.886719 0.253906 0.886719 0.250000 0.884766 0.248047 0.884766 0.246094 0.882812 0.244141 0.882812 0.242188 0.880859 0.240234 0.880859 0.238281
0 0.509766 0.230469 0.509766 0.292969 0.515625 0.285156 0.517578 0.285156 0.531250 0.277344 0.535156 0.277344 0.533203 0.277344 0.517578 0.265625 0.517578 0.261719 0.515625 0.259766 0.515625 0.255859 0.513672 0.253906 0.513672 0.246094 0.511719 0.244141 0.511719 0.238281 0.509766 0.236328
0 0.859375 0.199219 0.847656 0.210938 0.837891 0.240234 0.833984 0.277344 0.828125 0.285156 0.820312 0.261719 0.814453 0.287109 0.824219 0.427734 0.816406 0.425781 0.826172 0.472656 0.796875 0.509766 0.792969 0.529297 0.828125 0.521484 0.841797 0.541016 0.855469 0.544922 0.851562 0.525391 0.869141 0.507812 0.876953 0.472656 0.869141 0.445312 0.859375 0.447266 0.857422 0.392578 0.847656 0.369141 0.857422 0.367188 0.849609 0.337891 0.861328 0.332031 0.867188 0.312500 0.876953 0.318359 0.880859 0.287109 0.853516 0.257812 0.865234 0.216797
0 0.986328 0.091797 0.978516 0.097656 0.986328 0.191406 0.982422 0.210938 0.982422 0.267578 0.986328 0.277344 0.990234 0.277344 0.996094 0.267578 0.990234 0.091797
0 0.787109 0.074219 0.787109 0.082031 0.789062 0.085938 0.800781 0.097656 0.804688 0.097656 0.806641 0.099609 0.812500 0.099609 0.816406 0.101562 0.818359 0.099609 0.824219 0.099609 0.826172 0.097656 0.832031 0.101562 0.837891 0.101562 0.841797 0.097656 0.845703 0.089844 0.845703 0.083984 0.843750 0.082031 0.845703 0.072266 0.833984 0.078125 0.824219 0.080078 0.818359 0.076172 0.818359 0.074219 0.814453 0.070312 0.810547 0.062500
0 0.906250 0.050781 0.886719 0.050781 0.900391 0.087891 0.890625 0.154297 0.904297 0.171875 0.890625 0.218750 0.906250 0.248047 0.919922 0.464844 0.890625 0.480469 0.882812 0.503906 0.886719 0.521484 0.927734 0.474609 0.919922 0.064453
0 0.828125 0.023438 0.828125 0.027344 0.826172 0.029297 0.826172 0.042969 0.824219 0.044922 0.828125 0.048828 0.828125 0.050781 0.835938 0.058594 0.835938 0.060547 0.855469 0.060547 0.865234 0.052734 0.865234 0.050781 0.863281 0.048828 0.863281 0.046875 0.859375 0.042969 0.859375 0.041016 0.857422 0.041016 0.853516 0.037109 0.851562 0.037109 0.845703 0.033203 0.843750 0.035156 0.835938 0.035156 0.833984 0.033203 0.833984 0.031250 0.828125 0.025391
0 0.515625 0.000000 0.517578 0.052734 0.521484 0.062500 0.517578 0.089844 0.531250 0.083984 0.568359 0.087891 0.576172 0.095703 0.582031 0.117188 0.591797 0.107422 0.585938 0.076172 0.615234 0.033203 0.597656 0.023438 0.580078 0.035156 0.566406 0.050781 0.546875 0.050781 0.537109 0.042969 0.535156 0.001953
0 0.087891 0.000000 0.148438 0.041016 0.117188 0.125000 0.128906 0.251953 0.208984 0.328125 0.250000 0.306641 0.232422 0.291016 0.242188 0.136719 0.318359 0.130859 0.339844 0.101562 0.371094 0.117188 0.355469 0.150391 0.275391 0.166016 0.250000 0.244141 0.267578 0.300781 0.291016 0.310547 0.289062 0.265625 0.392578 0.361328 0.398438 0.435547 0.414062 0.257812 0.400391 0.292969 0.359375 0.312500 0.289062 0.248047 0.277344 0.205078 0.343750 0.273438 0.365234 0.271484 0.410156 0.199219 0.419922 0.224609 0.441406 0.074219 0.417969 0.001953 0.361328 0.001953 0.304688 0.050781 0.218750 0.000000
1 0.404297 0.574219 0.373047 0.570312 0.355469 0.583984 0.345703 0.619141 0.332031 0.632812 0.310547 0.644531 0.287109 0.644531 0.285156 0.669922 0.316406 0.726562 0.332031 0.683594 0.363281 0.660156 0.378906 0.628906 0.414062 0.613281 0.431641 0.613281 0.433594 0.597656 0.402344 0.595703 0.410156 0.582031
1 0.998047 0.568359 0.996094 0.511719 0.988281 0.488281 0.980469 0.484375 0.968750 0.490234 0.941406 0.517578 0.923828 0.507812 0.921875 0.488281 0.910156 0.496094 0.906250 0.507812 0.894531 0.521484 0.886719 0.523438 0.863281 0.519531 0.853516 0.525391 0.867188 0.548828 0.910156 0.548828 0.914062 0.552734 0.914062 0.568359 0.937500 0.578125 0.957031 0.566406 0.978516 0.578125 0.984375 0.578125
1 0.748047 0.392578 0.744141 0.408203 0.765625 0.408203 0.751953 0.439453 0.730469 0.441406 0.742188 0.449219 0.744141 0.470703 0.753906 0.462891 0.765625 0.478516 0.820312 0.484375 0.824219 0.466797 0.818359 0.433594 0.812500 0.417969 0.814453 0.406250 0.796875 0.404297 0.787109 0.392578 0.779297 0.398438 0.765625 0.388672
1 0.369141 0.119141 0.339844 0.103516 0.330078 0.121094 0.328125 0.132812 0.320312 0.130859 0.312500 0.134766 0.298828 0.130859 0.287109 0.142578 0.263672 0.152344 0.257812 0.150391 0.248047 0.132812 0.242188 0.140625 0.248047 0.160156 0.240234 0.171875 0.248047 0.232422 0.259766 0.218750 0.269531 0.171875 0.279297 0.156250 0.312500 0.148438 0.355469 0.148438 0.367188 0.134766
1 0.884766 0.007812 0.878906 0.021484 0.884766 0.033203 0.904297 0.044922 0.917969 0.060547 0.927734 0.064453 0.945312 0.060547 0.960938 0.072266 0.972656 0.072266 0.988281 0.087891 0.994141 0.089844 0.998047 0.062500 0.970703 0.044922 0.976562 0.031250 0.974609 0.001953 0.894531 0.001953
1 0.646484 0.003906 0.537109 0.001953 0.542969 0.044922 0.558594 0.046875 0.595703 0.021484 0.617188 0.033203 0.587891 0.076172 0.593750 0.107422 0.582031 0.119141 0.568359 0.089844 0.531250 0.085938 0.513672 0.097656 0.511719 0.236328 0.519531 0.265625 0.537109 0.277344 0.511719 0.296875 0.509766 0.453125 0.525391 0.455078 0.531250 0.421875 0.544922 0.412109 0.582031 0.417969 0.603516 0.363281 0.599609 0.261719 0.619141 0.214844 0.623047 0.166016 0.638672 0.144531
1 0.488281 0.003906 0.453125 0.005859 0.419922 0.238281 0.410156 0.201172 0.367188 0.271484 0.343750 0.275391 0.324219 0.259766 0.316406 0.232422 0.279297 0.205078 0.291016 0.248047 0.359375 0.310547 0.396484 0.294922 0.416016 0.257812 0.414062 0.376953 0.419922 0.328125 0.433594 0.316406 0.437500 0.333984 0.451172 0.333984 0.488281 0.222656
1 0.001953 0.000000 0.001953 0.412109 0.228516 0.427734 0.193359 0.376953 0.212891 0.378906 0.207031 0.353516 0.226562 0.343750 0.228516 0.396484 0.253906 0.386719 0.271484 0.437500 0.283203 0.425781 0.392578 0.439453 0.390625 0.361328 0.312500 0.308594 0.289062 0.269531 0.292969 0.310547 0.267578 0.302734 0.246094 0.242188 0.234375 0.291016 0.251953 0.306641 0.226562 0.332031 0.146484 0.289062 0.113281 0.166016 0.144531 0.044922 0.087891 0.003906
2 0.763672 0.789062 0.738281 0.689453 0.722656 0.662109 0.693359 0.681641 0.472656 0.671875 0.455078 0.683594 0.433594 0.677734 0.398438 0.683594 0.375000 0.671875 0.335938 0.681641 0.355469 0.777344 0.378906 0.810547 0.410156 0.826172 0.441406 0.828125 0.453125 0.806641 0.500000 0.830078 0.623047 0.816406 0.687500 0.791016
