0 0.779297 0.591797 0.789062 0.601562 0.791016 0.601562 0.796875 0.605469 0.812500 0.605469 0.814453 0.603516 0.818359 0.603516 0.818359 0.601562 0.816406 0.599609 0.816406 0.597656 0.814453 0.595703 0.814453 0.593750 0.812500 0.591797 0.812500 0.589844 0.808594 0.583984 0.808594 0.580078 0.806641 0.578125 0.806641 0.576172 0.800781 0.572266 0.798828 0.574219 0.792969 0.574219 0.791016 0.576172 0.789062 0.576172 0.789062 0.578125 0.783203 0.583984 0.783203 0.585938
0 0.853516 0.574219 0.859375 0.580078 0.859375 0.582031 0.867188 0.591797 0.869141 0.597656 0.876953 0.597656 0.878906 0.599609 0.886719 0.599609 0.892578 0.595703 0.898438 0.595703 0.900391 0.593750 0.921875 0.595703 0.921875 0.591797 0.925781 0.583984 0.919922 0.572266 0.916016 0.568359 0.910156 0.568359 0.904297 0.564453 0.900391 0.564453 0.898438 0.562500 0.892578 0.562500 0.890625 0.560547 0.878906 0.560547 0.876953 0.562500 0.871094 0.562500 0.869141 0.564453 0.865234 0.564453 0.861328 0.568359 0.859375 0.568359 0.859375 0.570312 0.855469 0.574219
0 0.402344 0.470703 0.359375 0.470703 0.359375 0.509766 0.351562 0.515625 0.335938 0.500000 0.320312 0.509766 0.296875 0.488281 0.277344 0.511719 0.244141 0.505859 0.234375 0.517578 0.083984 0.515625 0.048828 0.505859 0.003906 0.515625 0.001953 0.679688 0.283203 0.638672 0.302734 0.623047 0.292969 0.578125 0.306641 0.556641 0.357422 0.544922 0.388672 0.521484
0 0.609375 0.412109 0.597656 0.437500 0.597656 0.453125 0.595703 0.455078 0.595703 0.470703 0.593750 0.472656 0.593750 0.507812 0.595703 0.509766 0.597656 0.533203 0.605469 0.529297 0.611328 0.507812 0.625000 0.486328 0.617188 0.466797 0.617188 0.435547 0.615234 0.433594 0.615234 0.421875
0 0.859375 0.408203 0.863281 0.414062 0.863281 0.417969 0.873047 0.421875 0.884766 0.421875 0.886719 0.423828 0.919922 0.421875 0.921875 0.423828 0.921875 0.433594 0.923828 0.435547 0.923828 0.431641 0.927734 0.425781 0.927734 0.421875 0.933594 0.412109 0.935547 0.402344 0.941406 0.390625 0.929688 0.390625 0.919922 0.398438 0.914062 0.398438 0.904297 0.394531 0.896484 0.394531 0.894531 0.392578 0.876953 0.392578 0.873047 0.390625 0.859375 0.404297
0 0.695312 0.359375 0.687500 0.367188 0.681641 0.392578 0.677734 0.457031 0.673828 0.458984 0.667969 0.449219 0.656250 0.496094 0.685547 0.494141 0.697266 0.486328 0.701172 0.363281
0 0.408203 0.341797 0.406250 0.363281 0.414062 0.371094 0.416016 0.382812 0.402344 0.419922 0.412109 0.445312 0.423828 0.457031 0.433594 0.427734 0.435547 0.378906 0.449219 0.369141 0.464844 0.376953 0.468750 0.408203 0.488281 0.384766 0.519531 0.369141 0.535156 0.384766 0.541016 0.425781 0.558594 0.414062 0.564453 0.365234 0.558594 0.349609 0.490234 0.343750 0.480469 0.335938 0.445312 0.326172 0.417969 0.326172 0.419922 0.341797
0 0.947266 0.070312 0.943359 0.074219 0.941406 0.074219 0.941406 0.076172 0.931641 0.085938 0.933594 0.087891 0.933594 0.097656 0.935547 0.099609 0.935547 0.123047 0.933594 0.125000 0.933594 0.128906 0.937500 0.132812 0.937500 0.134766 0.941406 0.136719 0.941406 0.138672 0.957031 0.140625 0.958984 0.138672 0.962891 0.138672 0.970703 0.128906 0.972656 0.103516 0.970703 0.101562 0.970703 0.093750 0.968750 0.091797 0.968750 0.085938 0.966797 0.083984 0.966797 0.076172 0.964844 0.074219 0.957031 0.074219 0.955078 0.072266
0 0.740234 0.007812 0.675781 0.005859 0.669922 0.048828 0.654297 0.060547 0.634766 0.062500 0.617188 0.074219 0.615234 0.103516 0.621094 0.113281 0.640625 0.113281 0.671875 0.126953 0.681641 0.123047 0.660156 0.109375 0.650391 0.095703 0.675781 0.072266 0.691406 0.072266 0.697266 0.083984 0.685547 0.128906 0.697266 0.123047 0.716797 0.089844 0.736328 0.087891 0.746094 0.021484
0 0.394531 0.001953 0.384766 0.097656 0.408203 0.125000 0.404297 0.306641 0.419922 0.308594 0.423828 0.150391 0.443359 0.160156 0.441406 0.181641 0.457031 0.199219 0.451172 0.287109 0.501953 0.298828 0.525391 0.287109 0.535156 0.304688 0.558594 0.310547 0.564453 0.232422 0.552734 0.148438 0.566406 0.125000 0.542969 0.115234 0.458984 0.121094 0.466797 0.093750 0.458984 0.082031 0.445312 0.109375 0.451172 0.119141 0.410156 0.125000 0.412109 0.017578
0 0.521484 0.000000 0.519531 0.001953 0.513672 0.001953 0.513672 0.025391 0.515625 0.027344 0.515625 0.044922 0.517578 0.046875 0.517578 0.050781 0.519531 0.052734 0.525391 0.066406 0.525391 0.058594 0.527344 0.056641 0.527344 0.050781 0.529297 0.048828 0.529297 0.015625 0.531250 0.013672 0.531250 0.005859 0.533203 0.003906 0.533203 0.001953 0.527344 0.001953 0.525391 0.000000
0 0.000000 0.109375 0.009766 0.125000 0.025391 0.132812 0.054688 0.134766 0.150391 0.095703 0.191406 0.050781 0.189453 0.015625 0.197266 0.005859 0.000000 0.000000
1 0.574219 0.587891 0.568359 0.566406 0.546875 0.554688 0.519531 0.562500 0.451172 0.562500 0.425781 0.578125 0.375000 0.591797 0.343750 0.609375 0.351562 0.632812 0.375000 0.650391 0.410156 0.664062 0.546875 0.634766 0.539062 0.607422 0.572266 0.607422
1 0.757812 0.542969 0.753906 0.541016 0.744141 0.541016 0.736328 0.537109 0.718750 0.537109 0.716797 0.539062 0.697266 0.541016 0.695312 0.542969 0.685547 0.544922 0.683594 0.546875 0.683594 0.572266 0.685547 0.574219 0.685547 0.583984 0.712891 0.582031 0.714844 0.580078 0.728516 0.580078 0.730469 0.578125 0.751953 0.578125 0.753906 0.576172 0.757812 0.576172
1 0.513672 0.378906 0.507812 0.378906 0.505859 0.380859 0.503906 0.380859 0.503906 0.382812 0.501953 0.384766 0.501953 0.390625 0.500000 0.392578 0.500000 0.400391 0.498047 0.402344 0.498047 0.406250 0.503906 0.412109 0.507812 0.408203 0.509766 0.408203 0.511719 0.406250 0.513672 0.406250 0.517578 0.410156 0.519531 0.410156 0.521484 0.408203 0.521484 0.406250 0.523438 0.404297 0.523438 0.392578 0.521484 0.390625 0.521484 0.386719 0.519531 0.384766 0.519531 0.382812 0.517578 0.380859 0.515625 0.380859
1 0.693359 0.076172 0.689453 0.076172 0.687500 0.078125 0.681641 0.078125 0.679688 0.080078 0.675781 0.080078 0.673828 0.082031 0.671875 0.082031 0.667969 0.085938 0.662109 0.085938 0.658203 0.089844 0.658203 0.091797 0.656250 0.093750 0.656250 0.101562 0.664062 0.109375 0.666016 0.109375 0.667969 0.111328 0.673828 0.113281 0.677734 0.117188 0.683594 0.111328 0.683594 0.109375 0.685547 0.107422 0.685547 0.105469 0.687500 0.103516 0.687500 0.101562 0.691406 0.095703 0.691406 0.089844 0.693359 0.087891 0.693359 0.080078 0.695312 0.078125
1 0.744141 0.000000 0.748047 0.021484 0.744141 0.029297 0.746094 0.048828 0.740234 0.058594 0.738281 0.087891 0.746094 0.095703 0.771484 0.101562 0.826172 0.134766 0.865234 0.136719 0.884766 0.128906 0.835938 0.087891 0.833984 0.003906
2 0.177734 0.660156 0.251953 0.794922 0.347656 0.931641 0.373047 0.908203 0.458984 0.863281 0.560547 0.826172 0.599609 0.798828 0.607422 0.781250 0.601562 0.738281 0.578125 0.728516 0.552734 0.699219 0.525391 0.712891 0.451172 0.714844 0.390625 0.734375 0.279297 0.644531
2 0.611328 0.515625 0.617188 0.539062 0.753906 0.539062 0.763672 0.546875 0.759766 0.583984 0.779297 0.585938 0.794922 0.570312 0.839844 0.564453 0.830078 0.541016 0.845703 0.529297 0.871094 0.533203 0.878906 0.544922 0.919922 0.433594 0.867188 0.425781 0.857422 0.410156 0.833984 0.423828 0.824219 0.392578 0.796875 0.380859 0.785156 0.398438 0.777344 0.505859 0.773438 0.376953 0.761719 0.363281 0.718750 0.359375 0.703125 0.367188 0.699219 0.486328 0.667969 0.498047 0.662109 0.511719 0.623047 0.500000
