0 0.310547 0.921875 0.310547 0.935547 0.300781 0.953125 0.308594 0.958984 0.312500 0.964844 0.322266 0.970703 0.349609 0.996094 0.392578 0.996094 0.388672 0.984375 0.382812 0.978516 0.365234 0.966797 0.355469 0.957031 0.347656 0.953125 0.337891 0.943359 0.314453 0.927734
0 0.517578 0.917969 0.513672 0.916016 0.498047 0.933594 0.421875 0.998047 0.464844 0.998047 0.482422 0.994141 0.486328 0.990234 0.541016 0.998047 0.542969 0.990234 0.541016 0.974609 0.529297 0.955078 0.529297 0.945312
0 0.771484 0.365234 0.755859 0.375000 0.742188 0.396484 0.740234 0.412109 0.748047 0.423828 0.742188 0.449219 0.714844 0.443359 0.701172 0.457031 0.679688 0.460938 0.652344 0.445312 0.623047 0.521484 0.621094 0.605469 0.660156 0.595703 0.673828 0.609375 0.687500 0.593750 0.703125 0.587891 0.714844 0.591797 0.712891 0.603516 0.734375 0.537109 0.679688 0.537109 0.705078 0.498047 0.728516 0.503906 0.746094 0.486328 0.777344 0.396484 0.779297 0.371094
0 0.503906 0.058594 0.488281 0.072266 0.478516 0.093750 0.472656 0.099609 0.466797 0.089844 0.462891 0.068359 0.451172 0.054688 0.449219 0.048828 0.449219 0.105469 0.451172 0.107422 0.451172 0.125000 0.455078 0.134766 0.460938 0.134766 0.476562 0.123047 0.486328 0.121094 0.490234 0.105469 0.501953 0.091797 0.513672 0.083984 0.513672 0.072266
0 0.560547 0.005859 0.546875 0.005859 0.541016 0.013672 0.541016 0.015625 0.537109 0.019531 0.537109 0.023438 0.535156 0.025391 0.535156 0.044922 0.533203 0.046875 0.533203 0.054688 0.531250 0.056641 0.531250 0.066406 0.529297 0.068359 0.533203 0.076172 0.535156 0.076172 0.539062 0.072266 0.550781 0.066406 0.556641 0.060547 0.558594 0.056641 0.558594 0.041016 0.560547 0.039062
0 0.224609 0.003906 0.232422 0.232422 0.154297 0.253906 0.144531 0.300781 0.234375 0.298828 0.281250 0.656250 0.341797 0.730469 0.371094 0.632812 0.531250 0.660156 0.535156 0.769531 0.535156 0.671875 0.580078 0.648438 0.619141 0.683594 0.617188 0.576172 0.576172 0.626953 0.541016 0.625000 0.535156 0.369141 0.585938 0.367188 0.615234 0.542969 0.623047 0.314453 0.810547 0.324219 0.814453 0.302734 0.693359 0.263672 0.671875 0.300781 0.656250 0.267578 0.539062 0.324219 0.539062 0.289062 0.574219 0.291016 0.556641 0.263672 0.439453 0.218750 0.271484 0.228516
0 0.337891 0.000000 0.345703 0.003906 0.351562 0.003906 0.363281 0.009766 0.373047 0.011719 0.376953 0.015625 0.380859 0.015625 0.386719 0.019531 0.441406 0.019531 0.437500 0.005859 0.433594 0.000000
1 0.373047 0.634766 0.375000 0.640625 0.396484 0.658203 0.404297 0.703125 0.421875 0.710938 0.435547 0.705078 0.447266 0.687500 0.482422 0.691406 0.501953 0.699219 0.525391 0.740234 0.533203 0.666016 0.527344 0.664062 0.509766 0.677734 0.490234 0.658203 0.453125 0.660156 0.419922 0.634766 0.404297 0.630859
1 0.703125 0.591797 0.691406 0.593750 0.669922 0.615234 0.654297 0.599609 0.634766 0.603516 0.621094 0.615234 0.619141 0.621094 0.621094 0.658203 0.626953 0.664062 0.648438 0.675781 0.656250 0.687500 0.667969 0.679688 0.679688 0.693359 0.705078 0.628906 0.705078 0.593750
1 0.605469 0.529297 0.599609 0.529297 0.597656 0.539062 0.593750 0.544922 0.593750 0.548828 0.595703 0.550781 0.595703 0.574219 0.593750 0.576172 0.593750 0.595703 0.595703 0.597656 0.595703 0.599609 0.603516 0.593750 0.609375 0.580078 0.615234 0.572266 0.615234 0.558594 0.613281 0.556641 0.613281 0.550781 0.609375 0.544922 0.609375 0.539062 0.607422 0.537109 0.607422 0.531250
1 0.250000 0.468750 0.265625 0.818359 0.259766 0.841797 0.212891 0.816406 0.191406 0.830078 0.203125 0.863281 0.298828 0.945312 0.304688 0.925781 0.283203 0.884766 0.279297 0.853516 0.304688 0.863281 0.318359 0.841797 0.308594 0.806641 0.279297 0.771484 0.275391 0.730469 0.302734 0.675781 0.279297 0.656250 0.269531 0.541016
1 0.812500 0.253906 0.812500 0.294922 0.824219 0.298828 0.816406 0.304688 0.812500 0.322266 0.816406 0.324219 0.855469 0.322266 0.853516 0.308594 0.845703 0.306641 0.855469 0.304688 0.992188 0.328125 0.988281 0.316406 0.972656 0.304688 0.955078 0.306641 0.943359 0.298828 0.908203 0.300781 0.892578 0.294922 0.880859 0.285156 0.861328 0.246094 0.826172 0.240234
1 0.443359 0.218750 0.453125 0.238281 0.468750 0.244141 0.523438 0.250000 0.554688 0.259766 0.576172 0.294922 0.597656 0.300781 0.642578 0.289062 0.656250 0.265625 0.671875 0.298828 0.677734 0.275391 0.683594 0.271484 0.683594 0.261719
1 0.701172 0.208984 0.701172 0.246094 0.689453 0.261719 0.691406 0.263672 0.693359 0.261719 0.712891 0.281250 0.785156 0.291016 0.781250 0.277344 0.781250 0.251953 0.785156 0.224609 0.755859 0.205078 0.728516 0.208984
1 0.556641 0.062500 0.548828 0.074219 0.535156 0.087891 0.533203 0.099609 0.537109 0.113281 0.537109 0.144531 0.525391 0.154297 0.533203 0.179688 0.548828 0.193359 0.556641 0.185547 0.560547 0.169922 0.560547 0.119141 0.558594 0.117188 0.560547 0.109375 0.560547 0.076172
1 0.308594 0.003906 0.238281 0.005859 0.246094 0.023438 0.240234 0.074219 0.250000 0.121094 0.248047 0.175781 0.253906 0.208984 0.261719 0.216797 0.289062 0.203125 0.289062 0.193359 0.312500 0.146484 0.310547 0.119141 0.287109 0.097656 0.273438 0.078125 0.269531 0.027344
2 0.500000 0.699219 0.458984 0.691406 0.445312 0.693359 0.433594 0.708984 0.421875 0.714844 0.396484 0.701172 0.367188 0.714844 0.359375 0.736328 0.361328 0.769531 0.341797 0.822266 0.359375 0.822266 0.404297 0.796875 0.441406 0.816406 0.480469 0.826172 0.513672 0.828125 0.533203 0.794922 0.535156 0.773438 0.525391 0.744141
2 0.542969 0.683594 0.539062 0.695312 0.541016 0.755859 0.552734 0.763672 0.572266 0.724609 0.607422 0.738281 0.630859 0.763672 0.642578 0.759766 0.662109 0.763672 0.671875 0.753906 0.679688 0.695312 0.669922 0.683594 0.658203 0.691406 0.648438 0.677734 0.636719 0.677734 0.628906 0.666016 0.623047 0.666016 0.619141 0.701172 0.605469 0.667969 0.597656 0.658203 0.580078 0.654297 0.570312 0.664062 0.564453 0.679688
2 0.271484 0.027344 0.275391 0.078125 0.316406 0.125000 0.291016 0.193359 0.296875 0.214844 0.425781 0.210938 0.660156 0.255859 0.671875 0.242188 0.687500 0.259766 0.697266 0.248047 0.695312 0.212891 0.660156 0.214844 0.650391 0.167969 0.630859 0.164062 0.638672 0.132812 0.607422 0.101562 0.593750 0.105469 0.576172 0.167969 0.542969 0.203125 0.515625 0.160156 0.498047 0.154297 0.521484 0.097656 0.498047 0.097656 0.488281 0.123047 0.445312 0.148438 0.437500 0.027344 0.337891 0.001953
