0 0.447266 0.949219 0.449219 0.953125 0.464844 0.960938 0.474609 0.968750 0.529297 0.998047 0.535156 0.998047 0.537109 0.996094 0.558594 0.996094 0.529297 0.974609 0.521484 0.972656 0.511719 0.962891 0.507812 0.955078 0.501953 0.953125 0.490234 0.943359 0.492188 0.941406 0.486328 0.945312 0.484375 0.943359 0.470703 0.943359 0.468750 0.941406 0.455078 0.939453
0 0.386719 0.912109 0.392578 0.917969 0.400391 0.921875 0.404297 0.921875 0.406250 0.923828 0.412109 0.923828 0.414062 0.925781 0.425781 0.925781 0.427734 0.927734 0.437500 0.927734 0.439453 0.929688 0.449219 0.929688 0.451172 0.931641 0.455078 0.929688 0.462891 0.929688 0.468750 0.921875 0.464844 0.921875 0.457031 0.917969 0.425781 0.917969 0.423828 0.916016 0.412109 0.916016 0.410156 0.914062 0.396484 0.914062 0.394531 0.912109
0 0.582031 0.861328 0.580078 0.921875 0.671875 0.939453 0.699219 0.935547 0.744141 0.966797 0.695312 0.996094 0.742188 0.998047 0.798828 0.964844 0.888672 0.972656 0.904297 0.990234 0.958984 0.992188 0.951172 0.958984 0.917969 0.962891 0.882812 0.929688 0.863281 0.949219 0.835938 0.935547 0.822266 0.947266 0.738281 0.917969 0.724609 0.925781 0.718750 0.902344 0.689453 0.898438 0.679688 0.917969 0.664062 0.916016 0.681641 0.896484 0.666016 0.869141
0 0.554688 0.804688 0.539062 0.839844 0.542969 0.873047 0.537109 0.884766 0.521484 0.884766 0.515625 0.880859 0.500000 0.882812 0.494141 0.886719 0.484375 0.906250 0.554688 0.914062 0.574219 0.912109 0.572266 0.890625 0.560547 0.863281 0.562500 0.843750
0 0.925781 0.800781 0.916016 0.806641 0.916016 0.808594 0.917969 0.810547 0.919922 0.841797 0.921875 0.843750 0.921875 0.878906 0.923828 0.880859 0.923828 0.886719 0.929688 0.896484 0.939453 0.884766 0.939453 0.878906 0.935547 0.875000 0.933594 0.867188 0.929688 0.861328 0.939453 0.841797 0.939453 0.833984 0.937500 0.832031 0.937500 0.824219 0.935547 0.822266 0.933594 0.812500 0.927734 0.800781
0 0.925781 0.746094 0.923828 0.748047 0.923828 0.751953 0.921875 0.753906 0.919922 0.751953 0.910156 0.751953 0.908203 0.750000 0.906250 0.750000 0.904297 0.755859 0.900391 0.759766 0.904297 0.763672 0.904297 0.765625 0.916016 0.765625 0.917969 0.767578 0.917969 0.785156 0.919922 0.787109 0.919922 0.796875 0.923828 0.791016 0.923828 0.785156 0.925781 0.783203 0.925781 0.773438 0.927734 0.771484 0.927734 0.761719 0.929688 0.759766 0.929688 0.750000
0 0.865234 0.710938 0.865234 0.712891 0.853516 0.724609 0.851562 0.724609 0.837891 0.736328 0.830078 0.740234 0.814453 0.753906 0.812500 0.761719 0.806641 0.773438 0.814453 0.775391 0.820312 0.769531 0.822266 0.769531 0.837891 0.753906 0.839844 0.753906 0.843750 0.746094 0.847656 0.744141 0.849609 0.740234 0.853516 0.738281 0.861328 0.728516 0.863281 0.724609 0.863281 0.718750 0.865234 0.716797
0 0.878906 0.708984 0.875000 0.722656 0.875000 0.744141 0.869141 0.746094 0.863281 0.753906 0.861328 0.789062 0.867188 0.841797 0.882812 0.880859 0.888672 0.871094 0.890625 0.851562 0.892578 0.849609 0.896484 0.857422 0.902344 0.839844 0.902344 0.814453 0.888672 0.783203 0.890625 0.761719 0.894531 0.759766 0.896484 0.746094 0.892578 0.728516 0.882812 0.710938
0 0.148438 0.689453 0.146484 0.691406 0.142578 0.691406 0.142578 0.705078 0.140625 0.707031 0.140625 0.726562 0.138672 0.728516 0.138672 0.748047 0.136719 0.750000 0.136719 0.759766 0.138672 0.763672 0.142578 0.765625 0.154297 0.765625 0.167969 0.771484 0.167969 0.765625 0.169922 0.763672 0.169922 0.746094 0.171875 0.744141 0.171875 0.724609 0.169922 0.722656 0.169922 0.710938
0 0.625000 0.693359 0.625000 0.699219 0.683594 0.720703 0.679688 0.730469 0.736328 0.751953 0.765625 0.753906 0.767578 0.759766 0.753906 0.794922 0.773438 0.785156 0.792969 0.767578 0.794922 0.750000 0.781250 0.748047 0.750000 0.732422 0.738281 0.708984 0.724609 0.710938 0.716797 0.701172 0.705078 0.699219 0.699219 0.714844 0.687500 0.712891 0.656250 0.683594 0.640625 0.683594
0 0.126953 0.664062 0.117188 0.662109 0.117188 0.658203 0.080078 0.666016 0.054688 0.660156 0.027344 0.720703 0.025391 0.736328 0.029297 0.738281 0.001953 0.736328 0.001953 0.830078 0.037109 0.839844 0.060547 0.837891 0.041016 0.824219 0.044922 0.794922 0.060547 0.753906 0.044922 0.744141 0.074219 0.750000 0.107422 0.744141 0.123047 0.728516 0.128906 0.714844 0.130859 0.697266 0.123047 0.689453 0.132812 0.677734
0 0.699219 0.609375 0.691406 0.621094 0.699219 0.628906 0.738281 0.642578 0.767578 0.666016 0.785156 0.669922 0.808594 0.683594 0.808594 0.710938 0.820312 0.742188 0.824219 0.710938 0.818359 0.699219 0.818359 0.677734 0.806641 0.666016 0.767578 0.648438 0.744141 0.630859 0.712891 0.619141
0 0.398438 0.589844 0.392578 0.595703 0.496094 0.728516 0.500000 0.746094 0.478516 0.728516 0.462891 0.724609 0.507812 0.791016 0.513672 0.839844 0.531250 0.839844 0.537109 0.814453 0.527344 0.785156 0.529297 0.769531 0.507812 0.710938
0 0.791016 0.580078 0.789062 0.580078 0.783203 0.585938 0.781250 0.585938 0.779297 0.587891 0.775391 0.587891 0.773438 0.589844 0.769531 0.589844 0.771484 0.591797 0.771484 0.593750 0.773438 0.595703 0.773438 0.597656 0.775391 0.599609 0.775391 0.601562 0.777344 0.603516 0.777344 0.605469 0.781250 0.609375 0.781250 0.613281 0.783203 0.615234 0.783203 0.617188 0.787109 0.617188 0.789062 0.615234 0.792969 0.615234 0.794922 0.613281 0.796875 0.613281 0.796875 0.609375 0.798828 0.607422 0.798828 0.595703 0.796875 0.593750 0.796875 0.591797 0.794922 0.589844 0.794922 0.585938
0 0.664062 0.554688 0.687500 0.580078 0.722656 0.595703 0.734375 0.605469 0.744141 0.619141 0.792969 0.652344 0.814453 0.652344 0.818359 0.646484 0.671875 0.554688
0 0.343750 0.533203 0.343750 0.539062 0.337891 0.552734 0.343750 0.564453 0.339844 0.566406 0.332031 0.562500 0.320312 0.560547 0.318359 0.574219 0.343750 0.601562 0.359375 0.625000 0.367188 0.625000 0.369141 0.626953 0.371094 0.619141 0.375000 0.615234 0.384766 0.625000 0.388672 0.605469 0.382812 0.589844 0.382812 0.583984 0.367188 0.558594
0 0.726562 0.482422 0.724609 0.484375 0.722656 0.484375 0.720703 0.486328 0.718750 0.486328 0.712891 0.492188 0.712891 0.496094 0.710938 0.498047 0.710938 0.501953 0.712891 0.503906 0.712891 0.505859 0.716797 0.509766 0.716797 0.511719 0.720703 0.511719 0.722656 0.509766 0.724609 0.509766 0.728516 0.505859 0.730469 0.505859 0.732422 0.503906 0.732422 0.498047 0.734375 0.496094 0.732422 0.494141 0.732422 0.490234 0.730469 0.488281 0.730469 0.486328
0 0.107422 0.375000 0.105469 0.375000 0.097656 0.392578 0.085938 0.427734 0.085938 0.437500 0.078125 0.472656 0.080078 0.492188 0.083984 0.503906 0.099609 0.498047 0.107422 0.466797 0.113281 0.419922 0.115234 0.417969 0.115234 0.406250 0.117188 0.404297 0.113281 0.390625 0.113281 0.380859
0 0.226562 0.332031 0.220703 0.341797 0.234375 0.369141 0.236328 0.386719 0.246094 0.406250 0.269531 0.423828 0.296875 0.437500 0.308594 0.455078 0.310547 0.476562 0.320312 0.492188 0.339844 0.492188 0.355469 0.503906
0 0.261719 0.261719 0.261719 0.271484 0.259766 0.273438 0.259766 0.275391 0.261719 0.277344 0.263672 0.283203 0.265625 0.283203 0.267578 0.285156 0.275391 0.285156 0.277344 0.287109 0.279297 0.287109 0.283203 0.291016 0.285156 0.291016 0.289062 0.294922 0.294922 0.296875 0.298828 0.300781 0.302734 0.300781 0.308594 0.304688 0.308594 0.287109 0.304688 0.283203 0.298828 0.283203 0.294922 0.279297 0.292969 0.279297 0.289062 0.275391 0.289062 0.273438 0.287109 0.273438 0.277344 0.263672 0.275391 0.263672 0.273438 0.261719
0 0.416016 0.222656 0.400391 0.285156 0.423828 0.390625 0.439453 0.406250 0.511719 0.447266 0.560547 0.488281 0.617188 0.515625 0.619141 0.494141 0.601562 0.472656 0.593750 0.447266 0.597656 0.425781 0.628906 0.414062 0.621094 0.386719 0.599609 0.361328 0.539062 0.337891 0.498047 0.291016
0 0.369141 0.193359 0.361328 0.207031 0.349609 0.205078 0.337891 0.210938 0.339844 0.257812 0.335938 0.285156 0.318359 0.304688 0.306641 0.312500 0.320312 0.328125 0.375000 0.353516 0.390625 0.283203 0.390625 0.253906 0.400391 0.228516 0.408203 0.220703 0.398438 0.210938 0.384766 0.207031
0 0.044922 0.201172 0.046875 0.234375 0.054688 0.232422 0.060547 0.216797 0.070312 0.205078 0.082031 0.201172 0.095703 0.203125 0.109375 0.228516 0.125000 0.242188 0.158203 0.232422 0.121094 0.205078 0.109375 0.187500 0.083984 0.167969 0.066406 0.171875 0.052734 0.183594
1 0.531250 0.847656 0.529297 0.849609 0.527344 0.849609 0.523438 0.853516 0.521484 0.853516 0.517578 0.857422 0.515625 0.857422 0.515625 0.878906 0.517578 0.880859 0.519531 0.880859 0.521484 0.882812 0.535156 0.882812 0.539062 0.878906 0.539062 0.859375 0.537109 0.857422 0.537109 0.853516 0.535156 0.851562 0.535156 0.849609 0.533203 0.849609
1 0.000000 0.998047 0.183594 0.998047 0.181641 0.968750 0.212891 0.892578 0.136719 0.884766 0.208984 0.880859 0.244141 0.890625 0.255859 0.876953 0.191406 0.875000 0.001953 0.837891
1 0.117188 0.761719 0.113281 0.771484 0.113281 0.792969 0.109375 0.804688 0.109375 0.816406 0.089844 0.839844 0.091797 0.839844 0.101562 0.851562 0.107422 0.853516 0.121094 0.853516 0.125000 0.855469 0.136719 0.849609 0.140625 0.843750 0.138672 0.841797 0.138672 0.833984 0.136719 0.832031 0.134766 0.814453 0.132812 0.812500 0.134766 0.775391 0.130859 0.773438 0.121094 0.761719
1 0.853516 0.638672 0.857422 0.642578 0.857422 0.644531 0.861328 0.648438 0.861328 0.650391 0.869141 0.658203 0.871094 0.658203 0.873047 0.660156 0.873047 0.662109 0.876953 0.666016 0.876953 0.675781 0.878906 0.677734 0.878906 0.683594 0.888672 0.683594 0.888672 0.677734 0.886719 0.675781 0.886719 0.669922 0.884766 0.667969 0.884766 0.660156 0.882812 0.658203 0.882812 0.652344 0.880859 0.650391 0.880859 0.648438 0.878906 0.646484 0.878906 0.642578 0.875000 0.638672 0.875000 0.636719 0.873047 0.636719 0.871094 0.634766 0.865234 0.634766 0.863281 0.636719 0.857422 0.636719 0.855469 0.638672
1 0.365234 0.511719 0.357422 0.533203 0.550781 0.759766 0.562500 0.841797 0.601562 0.863281 0.623047 0.857422 0.669922 0.867188 0.683594 0.892578 0.714844 0.875000 0.722656 0.820312 0.705078 0.792969 0.539062 0.728516
1 0.285156 0.380859 0.277344 0.386719 0.277344 0.390625 0.281250 0.394531 0.285156 0.406250 0.294922 0.414062 0.312500 0.433594 0.320312 0.457031 0.322266 0.458984 0.328125 0.455078 0.332031 0.455078 0.332031 0.431641 0.333984 0.429688 0.351562 0.427734 0.349609 0.425781 0.349609 0.419922 0.335938 0.410156 0.332031 0.410156 0.310547 0.392578 0.298828 0.392578 0.294922 0.390625
1 0.031250 0.250000 0.025391 0.302734 0.001953 0.326172 0.044922 0.361328 0.003906 0.582031 0.000000 0.716797 0.025391 0.630859 0.068359 0.664062 0.123047 0.658203 0.169922 0.708984 0.177734 0.685547 0.214844 0.716797 0.175781 0.722656 0.197266 0.773438 0.343750 0.802734 0.156250 0.623047 0.179688 0.427734 0.224609 0.441406 0.144531 0.371094 0.113281 0.371094 0.103516 0.494141 0.080078 0.501953 0.101562 0.378906 0.080078 0.376953 0.078125 0.341797 0.109375 0.308594 0.113281 0.273438 0.087891 0.263672 0.064453 0.283203
1 0.117188 0.199219 0.199219 0.257812 0.212891 0.310547 0.421875 0.435547 0.521484 0.476562 0.533203 0.503906 0.738281 0.621094 0.613281 0.517578
1 0.148438 0.000000 0.250000 0.089844 0.271484 0.078125 0.343750 0.203125 0.365234 0.187500 0.417969 0.220703 0.539062 0.335938 0.632812 0.378906 0.753906 0.496094 0.833984 0.533203 0.886719 0.587891 0.900391 0.578125 0.851562 0.513672 0.705078 0.402344 0.701172 0.378906 0.662109 0.371094 0.615234 0.304688 0.507812 0.242188 0.494141 0.208984 0.451172 0.183594 0.453125 0.166016 0.361328 0.119141 0.302734 0.048828 0.232422 0.000000
1 0.078125 0.000000 0.058594 0.000000 0.058594 0.021484 0.046875 0.074219 0.046875 0.105469 0.033203 0.115234 0.025391 0.205078 0.033203 0.240234 0.044922 0.238281 0.042969 0.201172 0.050781 0.183594 0.066406 0.169922 0.080078 0.166016 0.097656 0.173828 0.070312 0.138672 0.066406 0.126953 0.068359 0.076172 0.072266 0.064453 0.083984 0.058594 0.091797 0.046875 0.091797 0.029297
