0 0.351562 0.658203 0.345703 0.658203 0.343750 0.660156 0.320312 0.660156 0.318359 0.662109 0.318359 0.664062 0.312500 0.669922 0.312500 0.671875 0.300781 0.683594 0.292969 0.683594 0.294922 0.685547 0.294922 0.689453 0.296875 0.691406 0.296875 0.697266 0.298828 0.697266 0.306641 0.691406 0.324219 0.691406 0.328125 0.687500 0.330078 0.687500 0.332031 0.685547 0.335938 0.685547 0.339844 0.681641 0.341797 0.681641 0.355469 0.667969 0.353516 0.666016 0.353516 0.662109 0.351562 0.660156
0 0.218750 0.568359 0.218750 0.578125 0.207031 0.580078 0.234375 0.578125 0.261719 0.605469 0.267578 0.642578 0.259766 0.673828 0.251953 0.681641 0.240234 0.677734 0.240234 0.630859 0.222656 0.603516 0.201172 0.597656 0.195312 0.625000 0.214844 0.718750 0.255859 0.720703 0.285156 0.734375 0.279297 0.640625 0.318359 0.634766 0.335938 0.623047 0.343750 0.607422 0.304688 0.621094 0.302734 0.597656 0.292969 0.583984 0.244141 0.568359
0 0.183594 0.328125 0.156250 0.330078 0.107422 0.341797 0.044922 0.343750 0.033203 0.347656 0.013672 0.343750 0.000000 0.347656 0.000000 0.369141 0.185547 0.347656
0 0.365234 0.357422 0.365234 0.455078 0.484375 0.505859 0.429688 0.560547 0.718750 0.671875 0.824219 0.677734 0.998047 0.759766 0.994141 0.583984 0.943359 0.580078 0.912109 0.546875 0.814453 0.500000 0.783203 0.511719 0.699219 0.500000 0.650391 0.445312 0.617188 0.347656 0.591797 0.326172 0.519531 0.320312 0.515625 0.378906 0.470703 0.410156 0.451172 0.410156 0.433594 0.380859 0.388672 0.404297
0 0.162109 0.318359 0.156250 0.312500 0.142578 0.306641 0.138672 0.302734 0.125000 0.294922 0.109375 0.306641 0.105469 0.306641 0.103516 0.308594 0.095703 0.308594 0.080078 0.324219 0.080078 0.328125 0.082031 0.330078 0.082031 0.333984 0.107422 0.333984 0.109375 0.332031 0.113281 0.332031 0.121094 0.328125 0.156250 0.326172
0 0.464844 0.283203 0.462891 0.285156 0.457031 0.285156 0.457031 0.287109 0.455078 0.289062 0.455078 0.291016 0.453125 0.292969 0.453125 0.298828 0.451172 0.300781 0.451172 0.304688 0.449219 0.306641 0.451172 0.306641 0.455078 0.310547 0.457031 0.310547 0.458984 0.312500 0.460938 0.312500 0.464844 0.316406 0.468750 0.312500 0.470703 0.312500 0.472656 0.310547 0.474609 0.310547 0.476562 0.308594 0.478516 0.308594 0.480469 0.306641 0.482422 0.306641 0.480469 0.304688 0.480469 0.302734 0.470703 0.292969 0.470703 0.291016 0.466797 0.287109 0.466797 0.285156
0 0.476562 0.195312 0.472656 0.199219 0.468750 0.199219 0.466797 0.201172 0.466797 0.214844 0.464844 0.216797 0.464844 0.230469 0.468750 0.234375 0.468750 0.236328 0.474609 0.242188 0.474609 0.244141 0.480469 0.250000 0.482422 0.248047 0.484375 0.242188 0.488281 0.238281 0.488281 0.236328 0.496094 0.226562 0.496094 0.207031
0 0.250000 0.167969 0.248047 0.289062 0.214844 0.285156 0.185547 0.308594 0.183594 0.320312 0.210938 0.335938 0.207031 0.373047 0.218750 0.378906 0.236328 0.378906 0.257812 0.347656 0.257812 0.414062 0.244141 0.419922 0.224609 0.400391 0.207031 0.404297 0.197266 0.427734 0.205078 0.441406 0.214844 0.443359 0.259766 0.431641 0.271484 0.414062 0.267578 0.341797 0.298828 0.335938 0.302734 0.322266 0.263672 0.318359 0.267578 0.271484 0.259766 0.181641
0 0.189453 0.064453 0.187500 0.068359 0.187500 0.083984 0.199219 0.101562 0.208984 0.111328 0.232422 0.128906 0.238281 0.130859 0.250000 0.142578 0.281250 0.140625 0.281250 0.125000 0.263672 0.107422 0.246094 0.082031 0.230469 0.066406 0.214844 0.064453 0.212891 0.062500
0 0.236328 0.013672 0.244141 0.031250 0.271484 0.031250 0.273438 0.033203 0.283203 0.033203 0.296875 0.039062 0.304688 0.039062 0.316406 0.042969 0.351562 0.042969 0.328125 0.035156 0.322266 0.035156 0.308594 0.029297 0.300781 0.029297 0.287109 0.023438 0.269531 0.021484 0.253906 0.011719
1 0.228516 0.580078 0.205078 0.595703 0.222656 0.601562 0.230469 0.607422 0.234375 0.621094 0.242188 0.630859 0.242188 0.664062 0.240234 0.666016 0.240234 0.675781 0.253906 0.677734 0.263672 0.658203 0.263672 0.625000 0.261719 0.623047 0.259766 0.605469 0.248047 0.591797 0.232422 0.580078
1 0.140625 0.503906 0.355469 0.615234 0.289062 0.662109 0.357422 0.667969 0.291016 0.699219 0.306641 0.738281 0.404297 0.683594 0.392578 0.628906 0.476562 0.666016 0.292969 0.773438 0.255859 0.748047 0.281250 0.734375 0.207031 0.720703 0.199219 0.769531 0.119141 0.818359 0.244141 0.964844 0.572266 0.708984 0.998047 0.884766 0.695312 0.734375 0.996094 0.841797 0.998047 0.810547 0.261719 0.509766 0.417969 0.556641 0.468750 0.525391 0.349609 0.416016
