0 0.634766 0.755859 0.636719 0.775391 0.679688 0.785156 0.718750 0.763672 0.791016 0.822266 0.863281 0.845703 0.886719 0.867188 0.867188 0.884766 0.937500 0.876953 0.941406 0.914062 0.884766 0.919922 0.982422 0.980469 0.990234 0.998047 0.990234 0.857422 0.931641 0.859375 0.849609 0.791016 0.679688 0.710938 0.695312 0.736328 0.664062 0.755859
0 0.289062 0.636719 0.291016 0.640625 0.291016 0.664062 0.310547 0.658203 0.312500 0.660156 0.304688 0.673828 0.298828 0.697266 0.326172 0.689453 0.335938 0.689453 0.349609 0.708984 0.351562 0.707031 0.349609 0.648438 0.324219 0.632812 0.292969 0.634766
0 0.238281 0.580078 0.228516 0.580078 0.222656 0.585938 0.222656 0.589844 0.220703 0.591797 0.220703 0.607422 0.218750 0.609375 0.218750 0.617188 0.216797 0.619141 0.216797 0.626953 0.214844 0.628906 0.214844 0.636719 0.212891 0.638672 0.218750 0.669922 0.222656 0.669922 0.224609 0.671875 0.230469 0.671875 0.240234 0.662109 0.242188 0.658203 0.242188 0.652344 0.244141 0.650391 0.244141 0.644531 0.246094 0.642578 0.246094 0.634766 0.250000 0.626953 0.251953 0.605469
0 0.708984 0.501953 0.707031 0.509766 0.728516 0.523438 0.841797 0.548828 0.910156 0.660156 0.914062 0.730469 0.894531 0.744141 0.898438 0.751953 0.966797 0.781250 0.970703 0.818359 0.998047 0.833984 0.998047 0.568359 0.976562 0.566406 0.931641 0.603516 0.888672 0.578125 0.841797 0.511719 0.792969 0.515625 0.726562 0.498047
0 0.183594 0.535156 0.224609 0.562500 0.230469 0.562500 0.244141 0.550781 0.250000 0.541016 0.267578 0.535156 0.281250 0.535156 0.298828 0.525391 0.230469 0.517578 0.224609 0.513672 0.222656 0.488281 0.218750 0.498047 0.212891 0.503906 0.189453 0.505859 0.185547 0.509766
0 0.308594 0.152344 0.292969 0.158203 0.324219 0.183594 0.330078 0.201172 0.330078 0.400391 0.310547 0.416016 0.277344 0.408203 0.261719 0.332031 0.251953 0.355469 0.234375 0.363281 0.234375 0.414062 0.224609 0.417969 0.220703 0.476562 0.263672 0.464844 0.289062 0.441406 0.365234 0.457031 0.378906 0.421875 0.378906 0.369141 0.343750 0.330078 0.349609 0.171875
0 0.289062 0.146484 0.285156 0.146484 0.283203 0.144531 0.257812 0.144531 0.255859 0.146484 0.255859 0.148438 0.248047 0.162109 0.248047 0.167969 0.250000 0.169922 0.250000 0.181641 0.255859 0.183594 0.259766 0.187500 0.259766 0.173828 0.263672 0.169922 0.263672 0.167969 0.267578 0.164062 0.271484 0.164062 0.273438 0.162109 0.277344 0.162109 0.279297 0.160156 0.285156 0.160156 0.285156 0.156250 0.287109 0.154297 0.287109 0.148438
1 0.517578 0.804688 0.500000 0.773438 0.439453 0.781250 0.455078 0.761719 0.433594 0.757812 0.416016 0.740234 0.332031 0.746094 0.269531 0.765625 0.224609 0.814453 0.189453 0.824219 0.173828 0.839844 0.175781 0.859375 0.332031 0.843750
1 0.353516 0.720703 0.351562 0.722656 0.349609 0.720703 0.345703 0.705078 0.341797 0.699219 0.333984 0.693359 0.312500 0.701172 0.273438 0.705078 0.267578 0.708984 0.265625 0.734375 0.271484 0.740234 0.275391 0.738281 0.294922 0.738281 0.296875 0.736328 0.306641 0.736328 0.308594 0.734375 0.318359 0.734375 0.320312 0.732422 0.347656 0.728516 0.349609 0.726562 0.353516 0.726562
1 0.259766 0.625000 0.251953 0.625000 0.248047 0.634766 0.246094 0.660156 0.244141 0.662109 0.244141 0.667969 0.240234 0.677734 0.240234 0.703125 0.244141 0.701172 0.250000 0.693359 0.250000 0.689453 0.251953 0.687500 0.251953 0.683594 0.253906 0.681641 0.253906 0.677734 0.255859 0.675781 0.259766 0.662109 0.261719 0.660156 0.271484 0.660156 0.273438 0.658203 0.283203 0.658203 0.287109 0.656250 0.287109 0.648438 0.289062 0.646484 0.281250 0.634766
1 0.230469 0.564453 0.841797 0.992188 0.988281 0.998047 0.873047 0.908203 0.839844 0.910156 0.833984 0.925781 0.783203 0.908203 0.791016 0.878906 0.861328 0.882812 0.882812 0.865234 0.857422 0.843750 0.791016 0.824219 0.718750 0.765625 0.683594 0.787109 0.636719 0.777344 0.634766 0.753906 0.693359 0.736328 0.658203 0.695312 0.326172 0.537109 0.267578 0.537109
1 0.222656 0.484375 0.230469 0.515625 0.281250 0.521484 0.281250 0.505859 0.300781 0.503906 0.689453 0.681641 0.773438 0.697266 0.892578 0.750000 0.910156 0.738281 0.908203 0.660156 0.835938 0.546875 0.728516 0.525391 0.662109 0.488281 0.537109 0.494141 0.474609 0.474609 0.462891 0.490234 0.431641 0.490234 0.396484 0.433594 0.375000 0.486328 0.367188 0.458984 0.285156 0.445312
1 0.242188 0.138672 0.234375 0.146484 0.238281 0.175781 0.230469 0.191406 0.230469 0.222656 0.238281 0.250000 0.232422 0.291016 0.236328 0.361328 0.244141 0.361328 0.250000 0.335938 0.263672 0.322266 0.267578 0.289062 0.267578 0.259766 0.263672 0.250000 0.267578 0.228516 0.265625 0.207031 0.248047 0.185547 0.246094 0.167969 0.255859 0.142578
