0 0.445312 0.767578 0.435547 0.755859 0.376953 0.736328 0.294922 0.746094 0.298828 0.763672 0.304688 0.761719 0.310547 0.763672 0.312500 0.785156 0.330078 0.794922 0.365234 0.796875 0.380859 0.781250 0.400391 0.769531 0.425781 0.781250 0.431641 0.781250
0 0.679688 0.687500 0.683594 0.744141 0.699219 0.738281 0.708984 0.744141 0.718750 0.773438 0.753906 0.779297 0.849609 0.779297 0.882812 0.775391 0.894531 0.763672 0.923828 0.763672 0.718750 0.675781 0.720703 0.687500
0 0.291016 0.574219 0.292969 0.578125 0.292969 0.595703 0.294922 0.597656 0.298828 0.613281 0.304688 0.625000 0.310547 0.630859 0.310547 0.654297 0.312500 0.656250 0.314453 0.667969 0.316406 0.669922 0.326172 0.667969 0.328125 0.666016 0.328125 0.648438 0.326172 0.646484 0.326172 0.630859 0.324219 0.628906 0.324219 0.615234 0.322266 0.613281 0.320312 0.585938 0.314453 0.576172 0.314453 0.572266
0 0.597656 0.320312 0.595703 0.324219 0.583984 0.335938 0.583984 0.343750 0.582031 0.345703 0.582031 0.353516 0.580078 0.355469 0.580078 0.365234 0.578125 0.367188 0.578125 0.410156 0.582031 0.410156 0.591797 0.414062 0.591797 0.396484 0.593750 0.394531 0.593750 0.367188 0.595703 0.365234 0.595703 0.355469 0.597656 0.353516 0.597656 0.347656 0.599609 0.345703 0.599609 0.341797 0.605469 0.328125
0 0.679688 0.228516 0.673828 0.236328 0.673828 0.238281 0.669922 0.242188 0.669922 0.244141 0.664062 0.253906 0.664062 0.257812 0.662109 0.259766 0.660156 0.265625 0.646484 0.279297 0.646484 0.281250 0.642578 0.285156 0.642578 0.287109 0.644531 0.289062 0.644531 0.292969 0.646484 0.291016 0.656250 0.287109 0.660156 0.283203 0.662109 0.283203 0.669922 0.275391 0.671875 0.275391 0.673828 0.273438 0.673828 0.271484 0.675781 0.269531 0.675781 0.265625 0.679688 0.259766
0 0.457031 0.187500 0.439453 0.232422 0.441406 0.253906 0.462891 0.257812 0.509766 0.335938 0.533203 0.316406 0.542969 0.339844 0.541016 0.425781 0.460938 0.416016 0.462891 0.431641 0.498047 0.451172 0.583984 0.443359 0.654297 0.460938 0.681641 0.451172 0.681641 0.437500 0.644531 0.441406 0.607422 0.421875 0.556641 0.427734 0.556641 0.335938 0.582031 0.318359 0.511719 0.285156 0.494141 0.292969 0.478516 0.220703
0 0.416016 0.166016 0.394531 0.156250 0.380859 0.166016 0.333984 0.171875 0.302734 0.189453 0.292969 0.208984 0.289062 0.253906 0.306641 0.250000 0.306641 0.220703 0.312500 0.207031 0.332031 0.228516 0.373047 0.236328 0.386719 0.232422 0.392578 0.220703 0.398438 0.277344 0.410156 0.255859 0.412109 0.224609 0.417969 0.208984 0.400391 0.207031 0.398438 0.203125
0 0.597656 0.103516 0.583984 0.101562 0.560547 0.107422 0.554688 0.146484 0.542969 0.173828 0.513672 0.189453 0.500000 0.205078 0.515625 0.226562 0.529297 0.220703 0.542969 0.220703 0.562500 0.201172 0.595703 0.201172 0.599609 0.183594 0.611328 0.169922 0.615234 0.148438 0.607422 0.134766 0.603516 0.111328
0 0.662109 0.072266 0.636719 0.070312 0.615234 0.056641 0.595703 0.037109 0.576172 0.037109 0.523438 0.066406 0.496094 0.111328 0.492188 0.138672 0.498047 0.140625 0.509766 0.123047 0.513672 0.109375 0.529297 0.089844 0.550781 0.080078 0.564453 0.068359 0.582031 0.066406 0.632812 0.093750 0.667969 0.097656
0 0.597656 0.001953 0.632812 0.023438 0.666016 0.066406 0.685547 0.125000 0.693359 0.171875 0.748047 0.162109 0.750000 0.146484 0.736328 0.136719 0.730469 0.117188 0.761719 0.068359 0.781250 0.068359 0.796875 0.085938 0.808594 0.070312 0.810547 0.005859
0 0.587891 0.001953 0.533203 0.000000 0.486328 0.029297 0.474609 0.005859 0.419922 0.001953 0.394531 0.015625 0.386719 0.042969 0.371094 0.013672 0.341797 0.054688 0.316406 0.000000 0.070312 0.001953 0.125000 0.035156 0.136719 0.064453 0.107422 0.095703 0.072266 0.087891 0.066406 0.062500 0.001953 0.068359 0.000000 0.082031 0.035156 0.111328 0.068359 0.117188 0.138672 0.111328 0.162109 0.048828 0.220703 0.052734 0.275391 0.082031 0.289062 0.013672 0.291016 0.025391 0.310547 0.019531 0.326172 0.109375 0.458984 0.144531 0.498047 0.039062 0.529297 0.015625
1 0.949219 0.781250 0.894531 0.765625 0.880859 0.779297 0.765625 0.787109 0.714844 0.775391 0.701172 0.740234 0.648438 0.761719 0.505859 0.746094 0.513672 0.783203 0.441406 0.800781 0.386719 0.787109 0.359375 0.810547 0.316406 0.802734 0.304688 0.767578 0.294922 0.775391 0.308594 0.876953 0.298828 0.947266 0.433594 0.945312 0.453125 0.929688 0.500000 0.947266 0.957031 0.917969
1 0.294922 0.628906 0.291016 0.691406 0.292969 0.728516 0.298828 0.742188 0.357422 0.738281 0.373047 0.730469 0.412109 0.746094 0.509766 0.740234 0.519531 0.726562 0.523438 0.710938 0.519531 0.697266 0.484375 0.701172 0.466797 0.689453 0.404297 0.677734 0.363281 0.634766 0.339844 0.685547 0.328125 0.673828 0.318359 0.675781 0.310547 0.667969 0.306641 0.628906 0.302734 0.625000
1 0.369141 0.431641 0.359375 0.519531 0.421875 0.552734 0.503906 0.533203 0.564453 0.535156 0.574219 0.529297 0.640625 0.531250 0.644531 0.548828 0.662109 0.529297 0.716797 0.548828 0.730469 0.541016 0.736328 0.486328 0.710938 0.478516 0.701172 0.460938 0.681641 0.453125 0.662109 0.462891 0.583984 0.447266 0.503906 0.455078 0.468750 0.439453 0.396484 0.376953
1 0.804688 0.078125 0.794922 0.091797 0.785156 0.074219 0.761719 0.070312 0.746094 0.089844 0.738281 0.105469 0.734375 0.126953 0.736328 0.132812 0.750000 0.142578 0.751953 0.162109 0.742188 0.169922 0.689453 0.175781 0.687500 0.201172 0.697266 0.226562 0.714844 0.224609 0.748047 0.208984 0.785156 0.185547 0.796875 0.171875 0.804688 0.148438 0.808594 0.113281
1 0.289062 0.031250 0.277344 0.093750 0.306641 0.140625 0.294922 0.193359 0.333984 0.169922 0.369141 0.166016 0.394531 0.154297 0.419922 0.166016 0.400391 0.205078 0.416016 0.203125 0.439453 0.171875 0.457031 0.181641 0.457031 0.167969 0.435547 0.158203 0.453125 0.152344 0.423828 0.128906 0.351562 0.125000 0.333984 0.119141 0.310547 0.085938 0.306641 0.019531
1 0.619141 0.013672 0.589844 0.001953 0.531250 0.017578 0.498047 0.042969 0.478516 0.083984 0.472656 0.144531 0.474609 0.185547 0.482422 0.214844 0.490234 0.220703 0.482422 0.158203 0.494141 0.111328 0.523438 0.064453 0.583984 0.033203 0.595703 0.035156 0.636719 0.066406 0.662109 0.070312 0.667969 0.083984 0.660156 0.060547
1 0.000000 0.001953 0.000000 0.066406 0.066406 0.060547 0.068359 0.082031 0.087891 0.095703 0.105469 0.093750 0.109375 0.085938 0.132812 0.066406 0.125000 0.060547 0.125000 0.041016 0.083984 0.025391 0.068359 0.001953
2 0.662109 0.537109 0.642578 0.556641 0.646484 0.619141 0.669922 0.634766 0.679688 0.652344 0.679688 0.675781 0.685547 0.685547 0.720703 0.685547 0.708984 0.656250 0.708984 0.611328 0.701172 0.601562 0.689453 0.597656 0.724609 0.580078 0.732422 0.562500 0.730469 0.544922 0.714844 0.550781 0.693359 0.541016
2 0.324219 0.544922 0.316406 0.574219 0.328125 0.623047 0.328125 0.669922 0.339844 0.681641 0.355469 0.638672 0.363281 0.632812 0.404297 0.675781 0.521484 0.695312 0.529297 0.634766 0.548828 0.621094 0.560547 0.582031 0.560547 0.541016 0.496094 0.537109 0.421875 0.556641 0.367188 0.523438 0.347656 0.541016
