0 0.697266 0.914062 0.693359 0.921875 0.691406 0.933594 0.685547 0.945312 0.685547 0.982422 0.687500 0.984375 0.687500 0.992188 0.693359 0.998047 0.716797 0.998047 0.716797 0.992188 0.718750 0.990234 0.716797 0.988281 0.716797 0.976562 0.714844 0.974609 0.714844 0.939453 0.712891 0.937500 0.712891 0.925781 0.707031 0.914062
0 0.806641 0.910156 0.748047 0.914062 0.730469 0.919922 0.734375 0.982422 0.740234 0.988281 0.753906 0.988281 0.757812 0.966797 0.763672 0.980469 0.775391 0.980469 0.771484 0.960938 0.773438 0.939453 0.779297 0.937500 0.787109 0.953125 0.798828 0.966797 0.816406 0.962891
0 0.375000 0.861328 0.375000 0.863281 0.373047 0.865234 0.373047 0.892578 0.380859 0.892578 0.382812 0.894531 0.417969 0.894531 0.417969 0.892578 0.419922 0.890625 0.419922 0.878906 0.417969 0.878906 0.412109 0.875000 0.408203 0.875000 0.404297 0.871094 0.404297 0.861328 0.406250 0.859375 0.404297 0.857422 0.398438 0.857422 0.396484 0.855469 0.394531 0.855469 0.388672 0.859375 0.376953 0.859375
0 0.328125 0.882812 0.306641 0.867188 0.300781 0.875000 0.289062 0.859375 0.283203 0.865234 0.269531 0.859375 0.261719 0.865234 0.251953 0.855469 0.244141 0.855469 0.240234 0.861328 0.230469 0.859375 0.224609 0.869141 0.218750 0.861328 0.185547 0.878906 0.160156 0.878906 0.136719 0.871094 0.126953 0.875000 0.121094 0.886719 0.148438 0.896484 0.244141 0.896484 0.267578 0.892578 0.308594 0.894531
0 0.453125 0.886719 0.460938 0.896484 0.572266 0.896484 0.689453 0.888672 0.607422 0.886719 0.591797 0.863281 0.580078 0.853516 0.546875 0.853516 0.539062 0.849609 0.490234 0.855469 0.472656 0.853516
0 0.119141 0.787109 0.115234 0.791016 0.107422 0.791016 0.107422 0.794922 0.105469 0.796875 0.105469 0.818359 0.107422 0.820312 0.107422 0.832031 0.109375 0.833984 0.109375 0.841797 0.111328 0.843750 0.111328 0.847656 0.115234 0.847656 0.117188 0.845703 0.134766 0.845703 0.136719 0.843750 0.140625 0.843750 0.140625 0.841797 0.123047 0.824219 0.123047 0.820312 0.119141 0.816406 0.119141 0.812500 0.121094 0.810547 0.121094 0.802734 0.123047 0.800781 0.123047 0.794922 0.121094 0.792969 0.121094 0.789062
0 0.683594 0.738281 0.677734 0.746094 0.671875 0.773438 0.666016 0.787109 0.667969 0.792969 0.667969 0.820312 0.669922 0.822266 0.671875 0.839844 0.679688 0.845703 0.701172 0.845703 0.699219 0.843750 0.699219 0.832031 0.697266 0.830078 0.697266 0.818359 0.695312 0.816406 0.695312 0.802734 0.689453 0.789062 0.681641 0.781250 0.689453 0.761719 0.689453 0.742188
0 0.847656 0.728516 0.833984 0.736328 0.824219 0.761719 0.828125 0.808594 0.833984 0.822266 0.833984 0.828125 0.871094 0.845703 0.888672 0.843750 0.894531 0.833984 0.894531 0.822266 0.888672 0.796875 0.884766 0.759766 0.878906 0.744141 0.875000 0.740234 0.857422 0.730469
0 0.179688 0.718750 0.169922 0.718750 0.164062 0.732422 0.158203 0.736328 0.154297 0.748047 0.148438 0.753906 0.154297 0.763672 0.152344 0.765625 0.152344 0.777344 0.150391 0.779297 0.150391 0.783203 0.156250 0.779297 0.166016 0.777344 0.171875 0.771484 0.173828 0.771484 0.177734 0.763672 0.171875 0.757812 0.175781 0.753906 0.181641 0.753906 0.185547 0.750000 0.185547 0.734375 0.179688 0.728516
0 0.710938 0.617188 0.708984 0.623047 0.710938 0.634766 0.716797 0.640625 0.720703 0.640625 0.730469 0.646484 0.734375 0.652344 0.742188 0.652344 0.748047 0.656250 0.753906 0.648438 0.763672 0.671875 0.777344 0.673828 0.783203 0.677734 0.794922 0.673828 0.810547 0.681641 0.792969 0.664062 0.787109 0.660156 0.783203 0.660156 0.771484 0.648438 0.765625 0.648438 0.753906 0.642578 0.738281 0.628906 0.720703 0.625000
0 0.828125 0.421875 0.794922 0.498047 0.796875 0.523438 0.812500 0.560547 0.822266 0.632812 0.853516 0.658203 0.730469 0.591797 0.720703 0.593750 0.748047 0.607422 0.779297 0.646484 0.830078 0.683594 0.904297 0.712891 0.914062 0.697266 0.851562 0.660156 0.867188 0.658203 0.871094 0.642578 0.908203 0.658203 0.921875 0.644531 0.919922 0.597656 0.894531 0.501953 0.859375 0.425781
0 0.740234 0.419922 0.734375 0.421875 0.728516 0.433594 0.728516 0.443359 0.712891 0.476562 0.708984 0.492188 0.699219 0.507812 0.693359 0.539062 0.693359 0.558594 0.708984 0.554688 0.712891 0.541016 0.712891 0.515625 0.724609 0.501953 0.736328 0.474609 0.736328 0.449219 0.742188 0.433594 0.742188 0.421875
0 0.199219 0.402344 0.177734 0.437500 0.175781 0.460938 0.160156 0.478516 0.156250 0.492188 0.148438 0.505859 0.156250 0.531250 0.158203 0.552734 0.162109 0.550781 0.167969 0.541016 0.181641 0.501953 0.187500 0.464844 0.199219 0.423828
0 0.787109 0.242188 0.691406 0.246094 0.628906 0.261719 0.763672 0.259766 0.765625 0.265625 0.757812 0.285156 0.761719 0.300781 0.779297 0.283203
0 0.554688 0.269531 0.541016 0.257812 0.476562 0.271484 0.462891 0.257812 0.501953 0.248047 0.531250 0.224609 0.285156 0.251953 0.287109 0.279297 0.298828 0.296875 0.539062 0.275391
0 0.212891 0.058594 0.207031 0.070312 0.207031 0.089844 0.210938 0.099609 0.208984 0.103516 0.208984 0.113281 0.203125 0.126953 0.197266 0.132812 0.189453 0.148438 0.189453 0.156250 0.187500 0.158203 0.187500 0.162109 0.197266 0.167969 0.207031 0.158203 0.207031 0.152344 0.208984 0.150391 0.208984 0.144531 0.214844 0.126953 0.214844 0.115234 0.216797 0.113281 0.216797 0.101562 0.218750 0.099609 0.218750 0.085938 0.220703 0.080078 0.216797 0.074219 0.216797 0.068359 0.212891 0.062500
0 0.193359 0.003906 0.191406 0.003906 0.189453 0.005859 0.187500 0.005859 0.179688 0.013672 0.179688 0.015625 0.177734 0.017578 0.177734 0.027344 0.179688 0.029297 0.179688 0.031250 0.179688 0.029297 0.181641 0.027344 0.183594 0.027344 0.185547 0.025391 0.187500 0.027344 0.187500 0.031250 0.189453 0.033203 0.189453 0.037109 0.191406 0.037109 0.193359 0.035156 0.197266 0.035156 0.197266 0.031250 0.199219 0.029297 0.199219 0.023438 0.201172 0.021484 0.201172 0.009766 0.197266 0.005859 0.195312 0.005859
0 0.998047 0.000000 0.958984 0.001953 0.941406 0.041016 0.953125 0.099609 0.964844 0.119141 0.974609 0.150391 0.966797 0.167969 0.953125 0.181641 0.958984 0.197266 0.998047 0.173828
0 0.000000 0.000000 0.000000 0.152344 0.031250 0.191406 0.001953 0.166016 0.000000 0.390625 0.015625 0.455078 0.000000 0.488281 0.003906 0.599609 0.044922 0.556641 0.080078 0.447266 0.082031 0.398438 0.101562 0.406250 0.099609 0.376953 0.031250 0.255859 0.031250 0.232422 0.041016 0.222656 0.058594 0.244141 0.078125 0.242188 0.103516 0.222656 0.105469 0.195312 0.080078 0.185547 0.076172 0.148438 0.054688 0.146484 0.033203 0.115234 0.015625 0.054688 0.021484 0.044922 0.039062 0.054688 0.054688 0.039062 0.044922 0.015625
1 0.365234 0.650391 0.365234 0.662109 0.373047 0.689453 0.375000 0.707031 0.384766 0.730469 0.390625 0.771484 0.404297 0.804688 0.410156 0.806641 0.400391 0.750000 0.388672 0.722656 0.388672 0.712891 0.376953 0.671875
1 0.308594 0.425781 0.312500 0.437500 0.314453 0.468750 0.328125 0.511719 0.335938 0.550781 0.343750 0.568359 0.343750 0.582031 0.347656 0.589844 0.357422 0.593750 0.357422 0.582031 0.341797 0.511719 0.328125 0.476562 0.324219 0.453125
1 0.199219 0.171875 0.197266 0.171875 0.193359 0.175781 0.187500 0.177734 0.187500 0.181641 0.185547 0.183594 0.185547 0.187500 0.183594 0.189453 0.183594 0.201172 0.179688 0.207031 0.179688 0.212891 0.181641 0.214844 0.181641 0.216797 0.185547 0.222656 0.187500 0.220703 0.191406 0.220703 0.197266 0.216797 0.197266 0.208984 0.195312 0.207031 0.195312 0.203125 0.197266 0.201172 0.197266 0.199219 0.201172 0.195312 0.201172 0.185547 0.203125 0.183594 0.203125 0.177734
1 0.228516 0.064453 0.224609 0.076172 0.224609 0.105469 0.234375 0.140625 0.242188 0.156250 0.246094 0.197266 0.265625 0.246094 0.267578 0.228516 0.263672 0.207031 0.251953 0.175781 0.248047 0.150391 0.242188 0.136719 0.240234 0.111328 0.228516 0.068359 0.230469 0.066406 0.234375 0.070312
1 0.888672 0.007812 0.855469 0.000000 0.839844 0.007812 0.826172 0.066406 0.796875 0.148438 0.796875 0.173828 0.826172 0.097656 0.843750 0.037109 0.853516 0.021484 0.855469 0.033203 0.843750 0.064453 0.843750 0.078125 0.847656 0.080078 0.861328 0.066406 0.873047 0.042969 0.876953 0.023438
