0 0.771484 0.666016 0.777344 0.675781 0.812500 0.675781 0.814453 0.689453 0.822266 0.697266 0.832031 0.697266 0.835938 0.708984 0.843750 0.714844 0.849609 0.714844 0.865234 0.701172 0.886719 0.703125 0.904297 0.697266 0.914062 0.707031 0.919922 0.707031 0.927734 0.720703 0.943359 0.728516 0.943359 0.738281 0.953125 0.748047 0.964844 0.740234 0.966797 0.716797 0.990234 0.707031 0.996094 0.691406 0.994141 0.683594 0.966797 0.677734
0 0.076172 0.597656 0.074219 0.595703 0.074219 0.591797 0.072266 0.589844 0.072266 0.580078 0.070312 0.580078 0.062500 0.572266 0.060547 0.574219 0.056641 0.574219 0.054688 0.576172 0.046875 0.576172 0.044922 0.578125 0.044922 0.583984 0.041016 0.589844 0.035156 0.589844 0.033203 0.587891 0.025391 0.587891 0.015625 0.599609 0.015625 0.601562 0.029297 0.601562 0.031250 0.603516 0.054688 0.603516 0.056641 0.601562 0.072266 0.601562 0.074219 0.599609 0.076172 0.599609
0 0.130859 0.578125 0.121094 0.570312 0.119141 0.570312 0.117188 0.572266 0.109375 0.572266 0.107422 0.574219 0.099609 0.574219 0.097656 0.576172 0.095703 0.576172 0.091797 0.580078 0.087891 0.580078 0.085938 0.582031 0.085938 0.587891 0.087891 0.589844 0.087891 0.595703 0.095703 0.595703 0.097656 0.597656 0.109375 0.597656 0.111328 0.595703 0.121094 0.595703 0.123047 0.593750 0.128906 0.593750 0.130859 0.591797
0 0.314453 0.560547 0.312500 0.560547 0.308594 0.564453 0.306641 0.564453 0.304688 0.566406 0.304688 0.570312 0.302734 0.572266 0.302734 0.585938 0.304688 0.587891 0.304688 0.593750 0.306641 0.595703 0.308594 0.593750 0.314453 0.593750 0.320312 0.587891 0.320312 0.585938 0.322266 0.583984 0.322266 0.564453 0.320312 0.562500 0.316406 0.562500
0 0.359375 0.349609 0.359375 0.359375 0.357422 0.361328 0.357422 0.404297 0.359375 0.406250 0.359375 0.414062 0.361328 0.416016 0.361328 0.419922 0.363281 0.419922 0.365234 0.421875 0.373047 0.421875 0.375000 0.419922 0.375000 0.416016 0.376953 0.414062 0.376953 0.412109 0.375000 0.410156 0.375000 0.378906 0.367188 0.373047 0.367188 0.359375 0.363281 0.355469 0.363281 0.353516 0.361328 0.353516 0.359375 0.351562
0 0.632812 0.332031 0.623047 0.365234 0.626953 0.488281 0.621094 0.533203 0.636719 0.556641 0.642578 0.628906 0.675781 0.634766 0.679688 0.599609 0.673828 0.519531 0.660156 0.529297 0.656250 0.541016 0.667969 0.576172 0.666016 0.595703 0.650391 0.574219 0.650391 0.544922 0.634766 0.531250
0 0.574219 0.283203 0.548828 0.302734 0.527344 0.308594 0.515625 0.328125 0.515625 0.384766 0.501953 0.398438 0.494141 0.429688 0.496094 0.460938 0.484375 0.494141 0.472656 0.507812 0.472656 0.570312 0.607422 0.564453 0.615234 0.521484 0.611328 0.466797 0.617188 0.455078 0.609375 0.371094 0.593750 0.337891 0.597656 0.296875
0 0.966797 0.251953 0.935547 0.255859 0.908203 0.294922 0.939453 0.312500 0.916016 0.302734 0.908203 0.314453 0.917969 0.343750 0.916016 0.419922 0.906250 0.437500 0.912109 0.515625 0.900391 0.544922 0.919922 0.546875 0.925781 0.585938 0.935547 0.589844 0.943359 0.585938 0.939453 0.562500 0.951172 0.498047 0.941406 0.457031 0.974609 0.439453 0.951172 0.382812 0.974609 0.378906 0.988281 0.363281 0.976562 0.326172 0.964844 0.330078 0.957031 0.363281 0.945312 0.353516 0.945312 0.320312 0.958984 0.306641 0.982422 0.308594 0.976562 0.275391 0.964844 0.273438 0.982422 0.261719
0 0.453125 0.248047 0.449219 0.267578 0.449219 0.394531 0.451172 0.402344 0.455078 0.402344 0.460938 0.394531 0.464844 0.398438 0.468750 0.414062 0.484375 0.414062 0.488281 0.412109 0.490234 0.386719 0.468750 0.357422 0.470703 0.339844 0.466797 0.332031 0.466797 0.322266 0.472656 0.310547 0.468750 0.292969 0.474609 0.281250 0.476562 0.251953 0.468750 0.242188
0 0.337891 0.208984 0.332031 0.203125 0.332031 0.201172 0.330078 0.199219 0.328125 0.201172 0.322266 0.201172 0.318359 0.205078 0.316406 0.205078 0.310547 0.210938 0.308594 0.210938 0.308594 0.212891 0.310547 0.214844 0.310547 0.220703 0.316406 0.220703 0.318359 0.222656 0.326172 0.222656 0.328125 0.220703 0.332031 0.220703 0.333984 0.218750 0.335938 0.218750 0.335938 0.212891 0.337891 0.210938
0 0.203125 0.085938 0.208984 0.101562 0.250000 0.111328 0.244141 0.130859 0.250000 0.144531 0.269531 0.162109 0.302734 0.156250 0.296875 0.142578 0.273438 0.128906 0.271484 0.113281 0.281250 0.109375 0.363281 0.123047 0.398438 0.140625 0.437500 0.142578 0.433594 0.130859 0.310547 0.097656 0.248047 0.085938
0 0.609375 0.011719 0.595703 0.039062 0.595703 0.064453 0.572266 0.103516 0.593750 0.091797 0.595703 0.117188 0.572266 0.117188 0.570312 0.130859 0.578125 0.179688 0.583984 0.156250 0.591797 0.156250 0.589844 0.251953 0.601562 0.248047 0.605469 0.255859 0.609375 0.314453
0 0.859375 0.001953 0.875000 0.623047 0.869141 0.644531 0.835938 0.652344 0.939453 0.658203 0.947266 0.650391 0.904297 0.648438 0.888672 0.628906 0.878906 0.001953
0 0.894531 0.000000 0.894531 0.029297 0.902344 0.041016 0.904297 0.068359 0.896484 0.115234 0.898438 0.156250 0.929688 0.218750 0.951172 0.234375 0.958984 0.220703 0.968750 0.224609 0.976562 0.214844 0.962891 0.205078 0.941406 0.203125 0.939453 0.191406 0.955078 0.175781 0.966797 0.136719 0.988281 0.107422 0.988281 0.089844 0.980469 0.082031 0.992188 0.058594 0.982422 0.039062 0.998047 0.023438 0.998047 0.001953
0 0.679688 0.000000 0.646484 0.003906 0.636719 0.054688 0.648438 0.294922 0.636719 0.337891 0.634766 0.404297 0.656250 0.482422 0.671875 0.474609 0.679688 0.406250 0.677734 0.214844 0.685547 0.148438
0 0.603516 0.001953 0.552734 0.001953 0.546875 0.023438 0.517578 0.048828 0.490234 0.087891 0.478516 0.226562 0.494141 0.250000 0.480469 0.304688 0.480469 0.357422 0.498047 0.353516 0.490234 0.337891 0.490234 0.306641 0.503906 0.269531 0.515625 0.300781 0.550781 0.283203 0.562500 0.257812 0.546875 0.246094 0.554688 0.207031 0.546875 0.177734 0.564453 0.140625 0.554688 0.093750 0.576172 0.066406 0.591797 0.011719
0 0.246094 0.015625 0.298828 0.044922 0.339844 0.046875 0.367188 0.060547 0.386719 0.060547 0.400391 0.066406 0.406250 0.054688 0.400391 0.042969 0.394531 0.039062 0.386719 0.039062 0.341797 0.017578 0.291016 0.000000 0.255859 0.001953
1 0.378906 0.302734 0.375000 0.302734 0.371094 0.306641 0.371094 0.310547 0.369141 0.312500 0.369141 0.316406 0.367188 0.318359 0.367188 0.320312 0.369141 0.322266 0.369141 0.326172 0.371094 0.328125 0.371094 0.332031 0.369141 0.333984 0.369141 0.337891 0.365234 0.343750 0.365234 0.355469 0.369141 0.359375 0.369141 0.367188 0.375000 0.363281 0.375000 0.361328 0.373047 0.359375 0.373047 0.341797 0.375000 0.339844 0.375000 0.333984 0.376953 0.332031 0.376953 0.328125 0.378906 0.326172 0.378906 0.322266 0.380859 0.320312 0.380859 0.316406 0.382812 0.314453 0.380859 0.312500 0.380859 0.308594 0.378906 0.306641
1 0.357422 0.205078 0.357422 0.230469 0.355469 0.232422 0.355469 0.240234 0.353516 0.242188 0.353516 0.250000 0.351562 0.251953 0.351562 0.259766 0.349609 0.261719 0.349609 0.277344 0.347656 0.279297 0.347656 0.287109 0.349609 0.289062 0.355469 0.289062 0.363281 0.292969 0.367188 0.287109 0.367188 0.267578 0.365234 0.265625 0.365234 0.257812 0.363281 0.255859 0.363281 0.220703 0.361328 0.218750 0.361328 0.210938 0.357422 0.207031
1 0.230469 0.107422 0.224609 0.111328 0.224609 0.115234 0.222656 0.117188 0.222656 0.121094 0.224609 0.123047 0.224609 0.132812 0.222656 0.136719 0.218750 0.140625 0.216797 0.146484 0.208984 0.154297 0.208984 0.156250 0.199219 0.167969 0.203125 0.179688 0.214844 0.185547 0.218750 0.185547 0.224609 0.181641 0.230469 0.181641 0.234375 0.177734 0.240234 0.175781 0.240234 0.167969 0.238281 0.166016 0.238281 0.154297 0.236328 0.152344 0.236328 0.130859 0.238281 0.128906 0.238281 0.117188 0.236328 0.115234 0.236328 0.111328
