0 0.859375 0.494141 0.865234 0.500000 0.869141 0.500000 0.875000 0.503906 0.910156 0.503906 0.914062 0.500000 0.916016 0.500000 0.921875 0.496094 0.927734 0.496094 0.925781 0.496094 0.923828 0.494141 0.902344 0.494141 0.900391 0.496094 0.875000 0.496094 0.873047 0.494141
0 0.945312 0.501953 0.945312 0.505859 0.949219 0.509766 0.972656 0.509766 0.974609 0.511719 0.986328 0.511719 0.988281 0.509766 0.994141 0.509766 0.996094 0.507812 0.998047 0.507812 0.998047 0.498047 0.996094 0.496094 0.996094 0.494141 0.984375 0.494141 0.982422 0.492188 0.957031 0.492188 0.955078 0.494141 0.951172 0.494141 0.949219 0.496094 0.949219 0.498047
0 0.242188 0.439453 0.205078 0.437500 0.193359 0.443359 0.185547 0.443359 0.175781 0.447266 0.154297 0.449219 0.136719 0.455078 0.121094 0.455078 0.105469 0.464844 0.111328 0.470703 0.197266 0.466797 0.201172 0.458984 0.212891 0.449219 0.232422 0.447266
0 0.152344 0.394531 0.148438 0.400391 0.148438 0.404297 0.144531 0.410156 0.144531 0.414062 0.142578 0.416016 0.142578 0.421875 0.140625 0.423828 0.140625 0.431641 0.138672 0.433594 0.138672 0.443359 0.140625 0.445312 0.140625 0.447266 0.144531 0.447266 0.146484 0.445312 0.150391 0.445312 0.152344 0.443359 0.156250 0.443359 0.158203 0.441406 0.162109 0.441406 0.169922 0.433594 0.169922 0.429688 0.167969 0.427734 0.167969 0.423828 0.166016 0.421875 0.166016 0.419922 0.158203 0.412109 0.158203 0.410156 0.154297 0.404297 0.154297 0.398438 0.152344 0.396484
0 0.281250 0.384766 0.267578 0.375000 0.248047 0.375000 0.246094 0.373047 0.218750 0.373047 0.216797 0.375000 0.199219 0.375000 0.187500 0.378906 0.152344 0.378906 0.138672 0.382812 0.162109 0.384766 0.173828 0.394531 0.185547 0.390625 0.242188 0.392578 0.244141 0.390625 0.259766 0.390625
0 0.822266 0.371094 0.828125 0.386719 0.828125 0.392578 0.845703 0.392578 0.859375 0.382812 0.869141 0.382812 0.873047 0.380859 0.878906 0.390625 0.888672 0.396484 0.898438 0.396484 0.900391 0.398438 0.914062 0.396484 0.904297 0.369141 0.898438 0.369141 0.896484 0.367188 0.880859 0.367188 0.878906 0.365234 0.839844 0.365234 0.837891 0.367188
0 0.349609 0.349609 0.335938 0.347656 0.335938 0.349609 0.326172 0.359375 0.324219 0.357422 0.324219 0.353516 0.322266 0.349609 0.310547 0.349609 0.310547 0.363281 0.304688 0.367188 0.296875 0.382812 0.300781 0.390625 0.302734 0.392578 0.316406 0.378906 0.322266 0.378906 0.324219 0.376953 0.328125 0.376953 0.330078 0.375000 0.333984 0.375000 0.335938 0.373047 0.345703 0.371094 0.351562 0.363281 0.351562 0.359375 0.349609 0.357422
0 0.000000 0.345703 0.000000 0.375000 0.001953 0.376953 0.001953 0.380859 0.003906 0.382812 0.003906 0.384766 0.005859 0.384766 0.005859 0.378906 0.009766 0.375000 0.013672 0.375000 0.017578 0.371094 0.017578 0.353516 0.015625 0.351562 0.015625 0.347656 0.011719 0.347656 0.009766 0.345703
0 0.287109 0.320312 0.285156 0.320312 0.283203 0.322266 0.281250 0.322266 0.279297 0.324219 0.273438 0.326172 0.269531 0.330078 0.265625 0.330078 0.265625 0.335938 0.263672 0.337891 0.263672 0.345703 0.265625 0.347656 0.265625 0.359375 0.269531 0.363281 0.273438 0.363281 0.277344 0.367188 0.279297 0.367188 0.281250 0.369141 0.285156 0.369141 0.292969 0.361328 0.292969 0.359375 0.294922 0.357422 0.294922 0.351562 0.296875 0.349609 0.296875 0.339844 0.298828 0.337891 0.298828 0.330078 0.294922 0.326172 0.294922 0.324219 0.292969 0.322266 0.289062 0.322266
0 0.181641 0.228516 0.173828 0.242188 0.173828 0.281250 0.175781 0.283203 0.175781 0.298828 0.197266 0.320312 0.203125 0.316406 0.208984 0.308594 0.208984 0.296875 0.210938 0.294922 0.210938 0.267578 0.201172 0.259766 0.195312 0.242188 0.189453 0.236328 0.189453 0.234375 0.187500 0.234375 0.185547 0.230469
0 0.996094 0.000000 0.976562 0.015625 0.957031 0.001953 0.951172 0.158203 0.927734 0.175781 0.923828 0.203125 0.957031 0.228516 0.958984 0.199219 0.968750 0.203125 0.974609 0.289062 0.962891 0.316406 0.980469 0.371094 0.970703 0.386719 0.955078 0.361328 0.945312 0.392578 0.953125 0.402344 0.998047 0.394531 0.998047 0.283203 0.984375 0.257812 0.998047 0.244141 0.998047 0.205078 0.966797 0.181641 0.976562 0.103516 0.962891 0.093750 0.966797 0.050781 0.994141 0.031250
0 0.513672 0.167969 0.523438 0.244141 0.509766 0.281250 0.552734 0.289062 0.570312 0.318359 0.839844 0.255859 0.912109 0.279297 0.933594 0.117188 0.917969 0.083984 0.949219 0.054688 0.935547 0.005859 0.748047 0.003906 0.730469 0.085938 0.726562 0.001953 0.615234 0.001953 0.609375 0.078125 0.632812 0.076172 0.632812 0.039062 0.648438 0.031250 0.658203 0.123047 0.642578 0.132812 0.603516 0.101562 0.587891 0.185547 0.640625 0.181641 0.644531 0.203125 0.591797 0.212891 0.572266 0.181641 0.556641 0.244141 0.525391 0.230469 0.527344 0.169922
