0 0.480469 0.904297 0.478516 0.894531 0.470703 0.890625 0.414062 0.884766 0.375000 0.888672 0.322266 0.886719 0.310547 0.892578 0.357422 0.896484 0.373047 0.908203 0.378906 0.921875 0.394531 0.925781 0.408203 0.935547 0.445312 0.916016 0.462891 0.914062
0 0.503906 0.875000 0.501953 0.886719 0.490234 0.892578 0.490234 0.908203 0.509766 0.927734 0.533203 0.929688 0.544922 0.941406 0.554688 0.964844 0.554688 0.974609 0.550781 0.978516 0.527344 0.980469 0.529297 0.992188 0.552734 0.998047 0.582031 0.992188 0.599609 0.982422 0.587891 0.966797 0.585938 0.951172 0.566406 0.935547 0.568359 0.923828 0.585938 0.921875 0.593750 0.910156 0.589844 0.892578
0 0.644531 0.878906 0.734375 0.964844 0.734375 0.994141 0.767578 0.996094 0.757812 0.957031 0.761719 0.937500 0.808594 0.908203 0.900391 0.917969 0.996094 0.916016 0.994141 0.898438 0.960938 0.892578 0.958984 0.880859 0.925781 0.875000 0.886719 0.880859 0.777344 0.859375 0.765625 0.843750 0.763672 0.810547 0.753906 0.794922 0.738281 0.796875 0.728516 0.835938 0.697266 0.828125 0.705078 0.871094
0 0.935547 0.746094 0.939453 0.750000 0.941406 0.750000 0.951172 0.759766 0.953125 0.759766 0.955078 0.761719 0.958984 0.761719 0.960938 0.763672 0.964844 0.763672 0.966797 0.765625 0.970703 0.765625 0.972656 0.767578 0.974609 0.765625 0.980469 0.763672 0.984375 0.759766 0.990234 0.757812 0.990234 0.738281 0.960938 0.738281 0.958984 0.740234 0.953125 0.740234 0.951172 0.742188 0.945312 0.742188 0.943359 0.744141 0.937500 0.744141
0 0.802734 0.496094 0.789062 0.503906 0.798828 0.517578 0.773438 0.523438 0.761719 0.535156 0.773438 0.556641 0.773438 0.671875 0.783203 0.703125 0.779297 0.742188 0.761719 0.755859 0.798828 0.763672 0.808594 0.777344 0.808594 0.794922 0.839844 0.808594 0.851562 0.794922 0.843750 0.781250 0.853516 0.736328 0.839844 0.689453 0.841797 0.671875 0.853516 0.658203 0.867188 0.664062 0.884766 0.658203 0.882812 0.601562 0.894531 0.585938 0.869141 0.552734 0.845703 0.550781 0.871094 0.537109 0.876953 0.523438 0.859375 0.519531 0.861328 0.500000
0 0.902344 0.414062 0.888672 0.433594 0.900391 0.445312 0.892578 0.474609 0.906250 0.515625 0.921875 0.531250 0.919922 0.541016 0.908203 0.552734 0.910156 0.582031 0.902344 0.599609 0.902344 0.632812 0.925781 0.666016 0.949219 0.662109 0.972656 0.648438 0.986328 0.646484 0.998047 0.628906 0.994141 0.480469 0.990234 0.466797 0.957031 0.453125 0.935547 0.439453 0.912109 0.414062
0 0.058594 0.214844 0.087891 0.259766 0.158203 0.255859 0.050781 0.285156 0.001953 0.351562 0.003906 0.451172 0.046875 0.490234 0.023438 0.521484 0.044922 0.548828 0.001953 0.566406 0.005859 0.765625 0.164062 0.763672 0.185547 0.716797 0.212891 0.753906 0.199219 0.845703 0.330078 0.855469 0.324219 0.710938 0.255859 0.740234 0.230469 0.714844 0.257812 0.658203 0.306641 0.679688 0.339844 0.654297 0.396484 0.248047 0.337891 0.248047 0.314453 0.289062 0.306641 0.466797 0.224609 0.630859 0.240234 0.492188 0.087891 0.476562 0.134766 0.445312 0.115234 0.429688 0.183594 0.296875 0.207031 0.304688 0.193359 0.445312 0.253906 0.458984 0.289062 0.238281 0.246094 0.224609 0.251953 0.187500 0.150391 0.197266 0.181641 0.222656 0.144531 0.242188 0.125000 0.207031
0 0.931641 0.171875 0.859375 0.171875 0.826172 0.185547 0.771484 0.177734 0.718750 0.205078 0.701172 0.257812 0.732422 0.296875 0.720703 0.312500 0.740234 0.357422 0.728516 0.392578 0.755859 0.449219 0.779297 0.466797 0.820312 0.482422 0.865234 0.472656 0.810547 0.445312 0.839844 0.437500 0.845703 0.406250 0.869141 0.390625 0.853516 0.376953 0.851562 0.351562 0.873047 0.337891 0.900391 0.337891 0.910156 0.322266 0.884766 0.265625 0.923828 0.265625 0.980469 0.228516 0.910156 0.203125 0.933594 0.189453
0 0.378906 0.171875 0.373047 0.171875 0.371094 0.169922 0.369141 0.169922 0.367188 0.167969 0.363281 0.171875 0.359375 0.171875 0.353516 0.177734 0.351562 0.177734 0.349609 0.179688 0.349609 0.191406 0.351562 0.193359 0.357422 0.193359 0.359375 0.195312 0.363281 0.195312 0.365234 0.197266 0.367188 0.195312 0.369141 0.195312 0.371094 0.193359 0.373047 0.193359 0.373047 0.191406 0.375000 0.189453 0.375000 0.187500 0.378906 0.183594 0.378906 0.181641 0.380859 0.179688 0.378906 0.177734
0 0.669922 0.144531 0.652344 0.144531 0.638672 0.148438 0.628906 0.160156 0.640625 0.164062 0.650391 0.164062 0.664062 0.171875 0.666016 0.181641 0.660156 0.197266 0.642578 0.203125 0.638672 0.212891 0.636719 0.230469 0.648438 0.238281 0.652344 0.238281 0.664062 0.230469 0.669922 0.220703 0.683594 0.210938 0.687500 0.203125 0.685547 0.175781 0.681641 0.164062 0.681641 0.148438
0 0.916016 0.097656 0.902344 0.101562 0.894531 0.095703 0.876953 0.095703 0.847656 0.113281 0.837891 0.101562 0.828125 0.097656 0.814453 0.107422 0.781250 0.105469 0.740234 0.109375 0.728516 0.117188 0.730469 0.134766 0.740234 0.136719 0.779297 0.132812 0.810547 0.134766 0.832031 0.125000 0.847656 0.123047 0.855469 0.130859 0.861328 0.130859 0.906250 0.111328
