0 0.419922 0.613281 0.460938 0.658203 0.498047 0.605469 0.511719 0.607422 0.523438 0.628906 0.535156 0.638672 0.564453 0.634766 0.574219 0.646484 0.593750 0.644531 0.626953 0.654297 0.634766 0.650391 0.632812 0.642578 0.621094 0.634766 0.593750 0.630859 0.572266 0.597656 0.564453 0.595703 0.548828 0.615234 0.537109 0.613281 0.529297 0.605469 0.525391 0.587891 0.513672 0.580078 0.500000 0.582031 0.474609 0.609375 0.464844 0.611328 0.429688 0.597656
0 0.269531 0.421875 0.267578 0.421875 0.267578 0.425781 0.263672 0.433594 0.263672 0.466797 0.261719 0.468750 0.261719 0.480469 0.259766 0.482422 0.259766 0.490234 0.257812 0.492188 0.257812 0.496094 0.263672 0.503906 0.271484 0.500000 0.273438 0.501953 0.277344 0.501953 0.279297 0.498047 0.279297 0.476562 0.281250 0.474609 0.281250 0.439453 0.277344 0.431641
0 0.611328 0.419922 0.609375 0.421875 0.607422 0.441406 0.605469 0.443359 0.603516 0.455078 0.601562 0.457031 0.603516 0.458984 0.605469 0.476562 0.609375 0.484375 0.609375 0.500000 0.607422 0.501953 0.607422 0.513672 0.605469 0.515625 0.609375 0.519531 0.611328 0.515625 0.611328 0.505859 0.613281 0.503906 0.615234 0.494141 0.619141 0.488281 0.619141 0.455078 0.613281 0.441406
0 0.716797 0.408203 0.710938 0.416016 0.703125 0.451172 0.703125 0.501953 0.699219 0.525391 0.703125 0.544922 0.726562 0.562500 0.736328 0.591797 0.746094 0.593750 0.751953 0.580078 0.736328 0.568359 0.730469 0.527344 0.730469 0.443359 0.724609 0.419922
0 0.332031 0.380859 0.330078 0.384766 0.330078 0.400391 0.332031 0.402344 0.333984 0.433594 0.339844 0.451172 0.339844 0.458984 0.343750 0.470703 0.343750 0.482422 0.353516 0.492188 0.351562 0.441406 0.343750 0.427734 0.347656 0.419922 0.345703 0.390625 0.339844 0.384766
0 0.443359 0.353516 0.404297 0.359375 0.400391 0.369141 0.408203 0.380859 0.408203 0.404297 0.410156 0.406250 0.412109 0.421875 0.429688 0.439453 0.429688 0.441406 0.431641 0.441406 0.433594 0.437500 0.433594 0.431641 0.437500 0.425781 0.437500 0.421875 0.445312 0.410156 0.445312 0.404297 0.447266 0.402344 0.447266 0.390625 0.449219 0.388672 0.449219 0.376953 0.451172 0.375000 0.451172 0.359375
0 0.783203 0.341797 0.781250 0.357422 0.779297 0.359375 0.779297 0.451172 0.777344 0.453125 0.777344 0.468750 0.783203 0.468750 0.785156 0.457031 0.789062 0.449219 0.789062 0.423828 0.791016 0.421875 0.792969 0.402344 0.794922 0.400391 0.794922 0.384766 0.787109 0.367188
0 0.171875 0.320312 0.162109 0.324219 0.156250 0.375000 0.158203 0.423828 0.146484 0.457031 0.154297 0.501953 0.166016 0.527344 0.171875 0.525391 0.179688 0.464844 0.177734 0.365234
0 0.160156 0.189453 0.156250 0.191406 0.148438 0.191406 0.146484 0.193359 0.099609 0.193359 0.099609 0.195312 0.109375 0.205078 0.109375 0.210938 0.103516 0.222656 0.113281 0.222656 0.115234 0.220703 0.126953 0.220703 0.128906 0.218750 0.142578 0.218750 0.156250 0.207031 0.156250 0.203125 0.158203 0.201172 0.158203 0.191406
0 0.369141 0.013672 0.369141 0.015625 0.376953 0.015625 0.378906 0.013672 0.384766 0.013672 0.386719 0.011719 0.416016 0.011719 0.419922 0.015625 0.423828 0.015625 0.427734 0.019531 0.429688 0.019531 0.443359 0.035156 0.443359 0.037109 0.447266 0.039062 0.447266 0.031250 0.445312 0.029297 0.445312 0.003906 0.375000 0.001953
0 0.000000 0.076172 0.005859 0.226562 0.253906 0.128906 0.287109 0.148438 0.259766 0.251953 0.214844 0.218750 0.181641 0.265625 0.033203 0.267578 0.027344 0.306641 0.119141 0.310547 0.158203 0.269531 0.212891 0.355469 0.275391 0.296875 0.326172 0.306641 0.363281 0.398438 0.457031 0.294922 0.515625 0.373047 0.535156 0.558594 0.562500 0.296875 0.611328 0.289062 0.630859 0.341797 0.675781 0.285156 0.744141 0.337891 0.742188 0.386719 0.763672 0.310547 0.835938 0.289062 0.896484 0.189453 0.998047 0.169922 0.996094 0.089844 0.951172 0.074219 0.998047 0.052734 0.929688 0.037109 0.738281 0.076172 0.656250 0.042969 0.556641 0.105469 0.621094 0.140625 0.425781 0.173828 0.412109 0.210938 0.308594 0.183594 0.367188 0.085938 0.347656 0.003906 0.251953 0.000000 0.251953 0.125000 0.222656 0.082031 0.212891 0.115234 0.085938 0.052734
1 0.064453 0.669922 0.078125 0.707031 0.212891 0.757812 0.275391 0.738281 0.263672 0.822266 0.542969 0.949219 0.906250 0.703125 0.896484 0.654297 0.849609 0.597656 0.792969 0.611328 0.818359 0.589844 0.812500 0.552734 0.787109 0.603516 0.619141 0.656250 0.535156 0.640625 0.496094 0.609375 0.460938 0.660156 0.417969 0.613281 0.453125 0.533203 0.410156 0.505859 0.373047 0.546875 0.324219 0.529297 0.248047 0.580078 0.156250 0.566406 0.175781 0.607422 0.216797 0.607422 0.216797 0.636719 0.187500 0.642578 0.166016 0.613281 0.144531 0.646484
1 0.281250 0.148438 0.251953 0.144531 0.201172 0.156250 0.166016 0.171875 0.140625 0.169922 0.123047 0.183594 0.109375 0.179688 0.054688 0.187500 0.048828 0.203125 0.058594 0.203125 0.087891 0.230469 0.101562 0.212891 0.085938 0.201172 0.099609 0.191406 0.160156 0.187500 0.162109 0.238281 0.169922 0.259766 0.183594 0.261719 0.193359 0.236328 0.214844 0.216797 0.240234 0.224609 0.259766 0.250000 0.263672 0.199219
1 0.242188 0.064453 0.240234 0.066406 0.234375 0.066406 0.232422 0.068359 0.232422 0.072266 0.230469 0.074219 0.230469 0.078125 0.228516 0.080078 0.230469 0.082031 0.230469 0.095703 0.232422 0.097656 0.232422 0.103516 0.234375 0.105469 0.234375 0.113281 0.236328 0.115234 0.236328 0.117188 0.238281 0.119141 0.250000 0.119141 0.250000 0.115234 0.251953 0.113281 0.251953 0.107422 0.253906 0.105469 0.253906 0.091797 0.250000 0.085938 0.250000 0.072266 0.248047 0.070312 0.248047 0.068359 0.246094 0.068359
1 0.937500 0.021484 0.929688 0.005859 0.822266 0.005859 0.673828 0.037109 0.673828 0.050781 0.685547 0.068359 0.703125 0.074219 0.789062 0.068359 0.875000 0.048828 0.921875 0.033203 0.933594 0.039062
1 0.626953 0.052734 0.580078 0.062500 0.576172 0.017578 0.558594 0.001953 0.541016 0.009766 0.548828 0.041016 0.533203 0.035156 0.539062 0.021484 0.521484 0.001953 0.478516 0.011719 0.492188 0.052734 0.486328 0.085938 0.445312 0.095703 0.433594 0.025391 0.416016 0.013672 0.378906 0.015625 0.357422 0.039062 0.367188 0.052734 0.367188 0.097656 0.330078 0.130859 0.314453 0.185547 0.349609 0.205078 0.412109 0.208984 0.427734 0.169922 0.529297 0.162109 0.623047 0.134766 0.617188 0.125000 0.546875 0.111328 0.552734 0.099609 0.617188 0.093750
1 0.001953 0.001953 0.001953 0.074219 0.054688 0.082031 0.042969 0.056641 0.054688 0.050781 0.085938 0.050781 0.117188 0.082031 0.130859 0.089844 0.150391 0.091797 0.156250 0.033203 0.144531 0.013672 0.144531 0.000000
