0 0.599609 0.437500 0.601562 0.466797 0.611328 0.472656 0.992188 0.523438 0.998047 0.517578 0.996094 0.437500 0.822266 0.437500 0.613281 0.427734
0 0.082031 0.218750 0.089844 0.226562 0.097656 0.220703 0.107422 0.218750 0.123047 0.232422 0.126953 0.244141 0.130859 0.244141 0.144531 0.234375 0.144531 0.230469 0.148438 0.222656 0.158203 0.210938 0.148438 0.210938 0.146484 0.208984 0.138672 0.208984 0.136719 0.207031 0.128906 0.207031 0.126953 0.205078 0.115234 0.205078 0.113281 0.203125 0.093750 0.203125 0.093750 0.205078 0.082031 0.216797
0 0.724609 0.121094 0.718750 0.115234 0.712891 0.115234 0.699219 0.126953 0.697266 0.126953 0.691406 0.130859 0.687500 0.130859 0.683594 0.134766 0.677734 0.136719 0.677734 0.146484 0.683594 0.146484 0.685547 0.144531 0.689453 0.144531 0.691406 0.142578 0.695312 0.142578 0.697266 0.140625 0.703125 0.140625 0.705078 0.138672 0.708984 0.138672 0.710938 0.136719 0.716797 0.134766 0.716797 0.132812 0.722656 0.128906 0.722656 0.125000 0.724609 0.123047
0 0.753906 0.062500 0.740234 0.111328 0.792969 0.128906 0.763672 0.144531 0.693359 0.150391 0.718750 0.228516 0.699219 0.255859 0.712891 0.318359 0.658203 0.367188 0.687500 0.394531 0.728516 0.384766 0.785156 0.396484 0.996094 0.380859 0.992188 0.242188 0.966797 0.236328 0.966797 0.183594 0.941406 0.193359 0.896484 0.169922 0.875000 0.123047 0.839844 0.125000 0.833984 0.113281 0.853516 0.097656 0.843750 0.089844 0.853516 0.070312 0.792969 0.085938 0.775391 0.052734
0 0.914062 0.011719 0.910156 0.011719 0.902344 0.005859 0.898438 0.005859 0.896484 0.003906 0.894531 0.003906 0.886719 0.011719 0.886719 0.013672 0.876953 0.023438 0.875000 0.027344 0.875000 0.033203 0.873047 0.035156 0.873047 0.039062 0.869141 0.046875 0.869141 0.052734 0.873047 0.060547 0.876953 0.060547 0.878906 0.058594 0.888672 0.056641 0.896484 0.050781 0.902344 0.048828 0.906250 0.044922 0.914062 0.041016 0.916016 0.037109 0.916016 0.031250 0.917969 0.029297 0.917969 0.023438 0.919922 0.021484 0.914062 0.013672
0 0.361328 0.003906 0.621094 0.046875 0.650391 0.042969 0.671875 0.021484 0.664062 0.011719 0.650391 0.013672 0.654297 0.003906
0 0.996094 0.000000 0.982422 0.000000 0.980469 0.001953 0.966797 0.001953 0.964844 0.003906 0.964844 0.005859 0.962891 0.007812 0.962891 0.009766 0.960938 0.011719 0.960938 0.013672 0.958984 0.015625 0.957031 0.021484 0.953125 0.025391 0.958984 0.029297 0.974609 0.029297 0.976562 0.027344 0.980469 0.027344 0.986328 0.023438 0.990234 0.023438 0.992188 0.025391 0.996094 0.025391 0.996094 0.023438 0.998047 0.021484 0.998047 0.003906 0.996094 0.001953
1 0.992188 0.384766 0.929688 0.392578 0.830078 0.390625 0.794922 0.398438 0.718750 0.390625 0.671875 0.398438 0.660156 0.404297 0.658203 0.419922 0.710938 0.431641 0.742188 0.427734 0.822266 0.435547 0.982422 0.435547 0.996094 0.423828
1 0.089844 0.341797 0.087891 0.369141 0.085938 0.371094 0.080078 0.371094 0.080078 0.386719 0.068359 0.392578 0.062500 0.392578 0.062500 0.400391 0.074219 0.400391 0.076172 0.402344 0.101562 0.402344 0.103516 0.400391 0.111328 0.400391 0.113281 0.398438 0.126953 0.396484 0.126953 0.394531 0.121094 0.388672 0.113281 0.384766 0.111328 0.371094 0.107422 0.371094 0.105469 0.369141 0.105469 0.341797
1 0.998047 0.025391 0.986328 0.025391 0.968750 0.033203 0.935547 0.035156 0.896484 0.058594 0.851562 0.078125 0.845703 0.089844 0.855469 0.097656 0.837891 0.113281 0.839844 0.123047 0.853516 0.119141 0.875000 0.121094 0.898438 0.169922 0.933594 0.191406 0.964844 0.181641 0.992188 0.181641 0.998047 0.169922
