0 0.371094 0.824219 0.371094 0.826172 0.369141 0.828125 0.369141 0.845703 0.371094 0.845703 0.376953 0.851562 0.378906 0.851562 0.380859 0.853516 0.382812 0.853516 0.388672 0.857422 0.392578 0.857422 0.398438 0.851562 0.400391 0.851562 0.402344 0.849609 0.402344 0.847656 0.404297 0.845703 0.404297 0.839844 0.402344 0.839844 0.396484 0.835938 0.392578 0.835938 0.388672 0.832031 0.388672 0.830078 0.384766 0.826172 0.375000 0.826172 0.373047 0.824219
0 0.496094 0.791016 0.488281 0.796875 0.472656 0.800781 0.449219 0.824219 0.431641 0.835938 0.380859 0.886719 0.367188 0.882812 0.361328 0.906250 0.384766 0.898438 0.433594 0.896484 0.449219 0.890625 0.476562 0.869141 0.492188 0.847656 0.486328 0.843750 0.464844 0.847656 0.462891 0.835938 0.494141 0.806641
0 0.185547 0.804688 0.187500 0.810547 0.312500 0.839844 0.322266 0.839844 0.328125 0.832031 0.330078 0.822266 0.326172 0.818359 0.318359 0.818359 0.306641 0.812500 0.298828 0.812500 0.224609 0.789062 0.208984 0.791016 0.201172 0.800781
0 0.701172 0.687500 0.679688 0.687500 0.658203 0.699219 0.634766 0.726562 0.566406 0.779297 0.505859 0.818359 0.496094 0.828125 0.496094 0.839844 0.574219 0.794922 0.619141 0.757812 0.660156 0.734375 0.701172 0.697266
0 0.285156 0.675781 0.283203 0.677734 0.283203 0.689453 0.324219 0.736328 0.330078 0.748047 0.349609 0.775391 0.357422 0.783203 0.365234 0.783203 0.367188 0.781250 0.367188 0.767578 0.363281 0.765625 0.357422 0.755859 0.343750 0.742188 0.304688 0.693359
0 0.232422 0.654297 0.060547 0.703125 0.029297 0.687500 0.013672 0.740234 0.001953 0.751953 0.000000 0.804688 0.007812 0.843750 0.029297 0.841797 0.042969 0.828125 0.054688 0.777344 0.152344 0.798828 0.166016 0.792969 0.164062 0.777344 0.082031 0.755859 0.058594 0.738281 0.224609 0.681641 0.238281 0.667969
0 0.160156 0.529297 0.160156 0.541016 0.175781 0.560547 0.222656 0.609375 0.244141 0.640625 0.255859 0.652344 0.273438 0.662109 0.273438 0.654297 0.218750 0.595703 0.181641 0.546875
0 0.099609 0.451172 0.087891 0.478516 0.095703 0.490234 0.119141 0.460938 0.156250 0.488281 0.390625 0.593750 0.388672 0.607422 0.283203 0.634766 0.287109 0.650391 0.306641 0.656250 0.386719 0.632812 0.416016 0.634766 0.427734 0.623047 0.414062 0.601562 0.423828 0.591797 0.123047 0.445312
0 0.535156 0.359375 0.523438 0.361328 0.500000 0.398438 0.439453 0.523438 0.431641 0.546875 0.433594 0.556641 0.449219 0.550781 0.466797 0.511719 0.478516 0.503906 0.492188 0.486328 0.496094 0.476562 0.496094 0.445312 0.507812 0.427734 0.501953 0.414062 0.511719 0.398438 0.529297 0.384766 0.537109 0.367188
0 0.644531 0.228516 0.541016 0.386719 0.507812 0.488281 0.515625 0.564453 0.460938 0.628906 0.462891 0.593750 0.453125 0.591797 0.435547 0.681641 0.423828 0.650391 0.390625 0.701172 0.378906 0.699219 0.373047 0.771484 0.400391 0.800781 0.421875 0.771484 0.443359 0.791016 0.482422 0.777344 0.500000 0.732422 0.511719 0.763672 0.548828 0.757812 0.611328 0.691406 0.642578 0.677734 0.693359 0.593750 0.693359 0.539062 0.667969 0.488281
0 0.089844 0.154297 0.072266 0.203125 0.074219 0.281250 0.060547 0.285156 0.048828 0.234375 0.003906 0.337891 0.001953 0.650391 0.056641 0.566406 0.076172 0.363281 0.087891 0.363281 0.099609 0.441406 0.107422 0.445312
0 0.080078 0.005859 0.001953 0.003906 0.000000 0.294922 0.021484 0.267578 0.019531 0.201172 0.042969 0.115234 0.087891 0.132812 0.091797 0.119141 0.091797 0.076172
0 0.998047 0.000000 0.716797 0.003906 0.673828 0.062500 0.669922 0.097656 0.687500 0.126953 0.666016 0.166016 0.707031 0.546875 0.722656 0.576172 0.759766 0.597656 0.718750 0.628906 0.750000 0.664062 0.998047 0.496094 0.990234 0.480469 0.962891 0.476562 0.988281 0.431641 0.998047 0.353516
