0 0.998047 0.001953 0.816406 0.062500 0.773438 0.005859 0.800781 0.103516 0.691406 0.261719 0.785156 0.351562 0.871094 0.250000 0.835938 0.306641 0.941406 0.363281 0.919922 0.445312 0.679688 0.425781 0.636719 0.062500 0.619141 0.339844 0.542969 0.324219 0.533203 0.472656 0.460938 0.490234 0.443359 0.316406 0.279297 0.300781 0.269531 0.220703 0.320312 0.306641 0.339844 0.203125 0.283203 0.169922 0.273438 0.005859 0.269531 0.220703 0.003906 0.074219 0.000000 0.343750 0.093750 0.355469 0.001953 0.359375 0.000000 0.457031 0.166016 0.359375 0.154297 0.501953 0.228516 0.486328 0.253906 0.556641 0.083984 0.683594 0.238281 0.685547 0.232422 0.779297 0.285156 0.769531 0.328125 0.492188 0.998047 0.714844 0.998047 0.287109 0.855469 0.205078 0.998047 0.119141
0 0.607422 0.000000 0.585938 0.003906 0.572266 0.105469 0.570312 0.287109 0.574219 0.304688 0.585938 0.312500 0.601562 0.304688 0.609375 0.275391 0.607422 0.218750 0.615234 0.082031
1 0.230469 0.535156 0.228516 0.535156 0.226562 0.537109 0.212891 0.542969 0.208984 0.546875 0.207031 0.546875 0.205078 0.548828 0.205078 0.580078 0.207031 0.582031 0.207031 0.585938 0.212891 0.591797 0.216797 0.591797 0.218750 0.589844 0.220703 0.589844 0.224609 0.585938 0.230469 0.583984 0.236328 0.578125 0.238281 0.578125 0.238281 0.560547 0.236328 0.558594 0.236328 0.554688 0.234375 0.552734 0.234375 0.548828 0.232422 0.546875 0.232422 0.541016 0.230469 0.539062
1 0.187500 0.496094 0.185547 0.496094 0.185547 0.498047 0.171875 0.511719 0.167969 0.511719 0.166016 0.513672 0.166016 0.531250 0.167969 0.533203 0.167969 0.539062 0.171875 0.546875 0.171875 0.554688 0.173828 0.556641 0.173828 0.560547 0.175781 0.562500 0.175781 0.566406 0.179688 0.574219 0.179688 0.568359 0.181641 0.566406 0.181641 0.558594 0.183594 0.556641 0.185547 0.546875 0.197266 0.523438 0.197266 0.519531 0.195312 0.517578 0.195312 0.511719 0.193359 0.509766 0.193359 0.503906
1 0.189453 0.390625 0.185547 0.382812 0.177734 0.373047 0.177734 0.371094 0.173828 0.367188 0.166016 0.363281 0.158203 0.371094 0.154297 0.378906 0.150391 0.380859 0.150391 0.382812 0.144531 0.388672 0.140625 0.396484 0.130859 0.404297 0.128906 0.404297 0.121094 0.412109 0.128906 0.417969 0.132812 0.417969 0.134766 0.416016 0.142578 0.416016 0.144531 0.414062 0.173828 0.414062 0.175781 0.412109 0.179688 0.412109 0.183594 0.408203 0.185547 0.400391 0.189453 0.394531
1 0.289062 0.425781 0.296875 0.433594 0.312500 0.437500 0.347656 0.435547 0.361328 0.441406 0.412109 0.443359 0.388672 0.429688 0.378906 0.435547 0.351562 0.419922 0.355469 0.404297 0.384766 0.412109 0.388672 0.406250 0.398438 0.421875 0.412109 0.421875 0.419922 0.435547 0.416016 0.445312 0.439453 0.447266 0.433594 0.429688 0.408203 0.408203 0.400391 0.373047 0.371094 0.359375 0.363281 0.361328 0.355469 0.400391 0.345703 0.410156
1 0.939453 0.367188 0.931641 0.359375 0.900391 0.355469 0.890625 0.318359 0.875000 0.318359 0.851562 0.333984 0.839844 0.324219 0.832031 0.287109 0.859375 0.271484 0.871094 0.255859 0.867188 0.251953 0.841797 0.259766 0.818359 0.292969 0.822266 0.347656 0.800781 0.341797 0.781250 0.355469 0.757812 0.357422 0.714844 0.341797 0.683594 0.371094 0.683594 0.425781 0.716797 0.412109 0.746094 0.414062 0.755859 0.447266 0.787109 0.425781 0.806641 0.421875 0.832031 0.445312 0.869141 0.441406 0.900391 0.453125 0.923828 0.439453 0.937500 0.406250
1 0.986328 0.097656 0.974609 0.097656 0.953125 0.115234 0.937500 0.150391 0.917969 0.148438 0.865234 0.173828 0.859375 0.181641 0.857422 0.201172 0.861328 0.216797 0.931641 0.289062 0.953125 0.289062 0.974609 0.271484 0.980469 0.289062 0.994141 0.287109 0.996094 0.123047
1 0.300781 0.070312 0.292969 0.080078 0.291016 0.089844 0.292969 0.117188 0.296875 0.123047 0.296875 0.134766 0.291016 0.144531 0.285156 0.167969 0.291016 0.177734 0.298828 0.177734 0.302734 0.181641 0.314453 0.185547 0.330078 0.183594 0.335938 0.187500 0.335938 0.167969 0.330078 0.146484 0.333984 0.123047 0.328125 0.107422 0.326172 0.093750 0.318359 0.074219 0.310547 0.068359
1 0.808594 0.048828 0.818359 0.054688 0.824219 0.054688 0.826172 0.052734 0.835938 0.050781 0.841797 0.044922 0.847656 0.033203 0.845703 0.025391 0.841797 0.019531 0.841797 0.011719 0.843750 0.009766 0.847656 0.013672 0.851562 0.011719 0.863281 0.019531 0.869141 0.015625 0.875000 0.005859 0.871094 0.003906 0.845703 0.003906 0.843750 0.001953 0.820312 0.001953 0.818359 0.000000 0.812500 0.000000 0.804688 0.007812 0.804688 0.019531 0.802734 0.021484 0.802734 0.027344 0.808594 0.041016
2 0.355469 0.406250 0.355469 0.414062 0.353516 0.416016 0.353516 0.419922 0.361328 0.425781 0.365234 0.425781 0.378906 0.433594 0.384766 0.431641 0.384766 0.429688 0.388672 0.427734 0.408203 0.437500 0.414062 0.443359 0.417969 0.435547 0.414062 0.427734 0.410156 0.423828 0.410156 0.421875 0.406250 0.423828 0.398438 0.423828 0.394531 0.419922 0.388672 0.408203 0.384766 0.414062 0.376953 0.414062 0.373047 0.410156
