0 0.257812 0.648438 0.255859 0.650391 0.250000 0.652344 0.246094 0.656250 0.240234 0.658203 0.240234 0.683594 0.244141 0.689453 0.244141 0.693359 0.246094 0.695312 0.246094 0.697266 0.250000 0.697266 0.251953 0.699219 0.257812 0.699219 0.259766 0.701172 0.265625 0.701172 0.265625 0.699219 0.269531 0.695312 0.269531 0.693359 0.271484 0.691406 0.271484 0.681641 0.269531 0.679688 0.269531 0.669922 0.267578 0.667969 0.263672 0.658203 0.259766 0.654297 0.259766 0.650391
0 0.009766 0.597656 0.005859 0.820312 0.111328 0.773438 0.029297 0.843750 0.130859 0.837891 0.156250 0.970703 0.226562 0.978516 0.226562 0.875000 0.302734 0.837891 0.998047 0.994141 0.984375 0.812500 0.835938 0.806641 0.853516 0.884766 0.660156 0.724609 0.650391 0.562500 0.607422 0.611328 0.605469 0.365234 0.550781 0.410156 0.552734 0.693359 0.601562 0.708984 0.607422 0.652344 0.621094 0.716797 0.533203 0.714844 0.527344 0.816406 0.259766 0.796875 0.343750 0.734375 0.416016 0.812500 0.414062 0.714844 0.226562 0.707031 0.220703 0.648438 0.087891 0.642578
0 0.408203 0.347656 0.382812 0.349609 0.361328 0.384766 0.345703 0.425781 0.361328 0.458984 0.380859 0.451172 0.414062 0.449219 0.439453 0.435547 0.439453 0.404297 0.408203 0.419922 0.398438 0.410156 0.408203 0.378906
0 0.736328 0.335938 0.716797 0.361328 0.781250 0.595703 0.755859 0.652344 0.705078 0.673828 0.693359 0.734375 0.861328 0.732422 0.847656 0.705078 0.861328 0.685547 0.880859 0.685547 0.875000 0.716797 0.925781 0.722656 0.998047 0.775391 0.998047 0.708984 0.931641 0.707031 0.863281 0.658203 0.865234 0.640625 0.912109 0.617188 0.933594 0.623047 0.958984 0.601562 0.990234 0.595703 0.996094 0.615234 0.992188 0.419922 0.976562 0.394531 0.937500 0.400391 0.925781 0.363281 0.880859 0.322266 0.820312 0.312500
0 0.001953 0.228516 0.000000 0.318359 0.083984 0.353516 0.097656 0.388672 0.115234 0.392578 0.126953 0.371094 0.230469 0.412109 0.226562 0.541016 0.242188 0.546875 0.277344 0.427734 0.271484 0.398438 0.230469 0.384766 0.242188 0.369141 0.244141 0.328125 0.224609 0.316406 0.207031 0.320312 0.187500 0.369141 0.126953 0.339844 0.130859 0.285156 0.111328 0.263672
0 0.439453 0.097656 0.406250 0.103516 0.380859 0.125000 0.332031 0.142578 0.312500 0.160156 0.312500 0.199219 0.333984 0.205078 0.343750 0.222656 0.324219 0.250000 0.312500 0.281250 0.332031 0.302734 0.369141 0.306641 0.396484 0.300781 0.412109 0.289062 0.419922 0.187500 0.439453 0.181641 0.441406 0.171875
0 0.015625 0.093750 0.015625 0.119141 0.044922 0.132812 0.074219 0.154297 0.107422 0.162109 0.152344 0.187500 0.156250 0.187500 0.167969 0.175781 0.166016 0.164062 0.140625 0.152344 0.125000 0.130859 0.111328 0.142578 0.095703 0.125000 0.039062 0.097656
0 0.994141 0.001953 0.755859 0.009766 0.691406 0.066406 0.666016 0.113281 0.652344 0.228516 0.664062 0.279297 0.691406 0.306641 0.738281 0.316406 0.808594 0.300781 0.875000 0.265625 0.990234 0.230469 0.998047 0.191406
0 0.552734 0.011719 0.496094 0.000000 0.476562 0.000000 0.421875 0.025391 0.404297 0.042969 0.396484 0.062500 0.410156 0.078125 0.441406 0.082031 0.457031 0.023438 0.484375 0.021484 0.542969 0.042969
1 0.105469 0.773438 0.099609 0.767578 0.097656 0.767578 0.089844 0.761719 0.085938 0.761719 0.080078 0.765625 0.076172 0.765625 0.068359 0.769531 0.064453 0.773438 0.062500 0.773438 0.044922 0.791016 0.044922 0.794922 0.042969 0.796875 0.042969 0.804688 0.060547 0.804688 0.062500 0.802734 0.072266 0.802734 0.074219 0.800781 0.078125 0.800781 0.082031 0.796875 0.093750 0.792969 0.105469 0.781250 0.107422 0.781250 0.105469 0.777344
1 0.257812 0.789062 0.259766 0.794922 0.277344 0.794922 0.296875 0.802734 0.355469 0.810547 0.375000 0.816406 0.408203 0.814453 0.404297 0.791016 0.400391 0.787109 0.375000 0.781250 0.371094 0.777344 0.369141 0.759766 0.363281 0.746094 0.341797 0.738281 0.312500 0.742188 0.302734 0.750000 0.300781 0.765625 0.296875 0.769531 0.267578 0.781250
1 0.699219 0.748047 0.710938 0.796875 0.792969 0.833984 0.808594 0.857422 0.847656 0.880859 0.861328 0.873047 0.855469 0.849609 0.830078 0.826172 0.832031 0.802734 0.968750 0.814453 0.986328 0.800781 0.986328 0.771484 0.974609 0.751953 0.937500 0.744141 0.923828 0.728516 0.871094 0.720703 0.863281 0.708984 0.878906 0.687500 0.861328 0.687500 0.847656 0.708984 0.863281 0.732422 0.859375 0.740234 0.789062 0.746094 0.732422 0.740234
1 0.998047 0.630859 0.988281 0.613281 0.986328 0.597656 0.951172 0.607422 0.933594 0.625000 0.906250 0.623047 0.875000 0.638672 0.865234 0.646484 0.865234 0.658203 0.888672 0.675781 0.919922 0.691406 0.931641 0.705078 0.953125 0.708984 0.990234 0.708984 0.998047 0.673828
1 0.250000 0.552734 0.240234 0.566406 0.242188 0.593750 0.234375 0.603516 0.234375 0.623047 0.248047 0.625000 0.250000 0.626953 0.271484 0.632812 0.281250 0.628906 0.289062 0.617188 0.289062 0.611328 0.291016 0.609375 0.291016 0.587891 0.292969 0.585938 0.291016 0.570312 0.263672 0.550781 0.259766 0.552734
1 0.197266 0.230469 0.195312 0.230469 0.193359 0.232422 0.185547 0.232422 0.185547 0.236328 0.183594 0.238281 0.183594 0.248047 0.177734 0.253906 0.177734 0.255859 0.175781 0.257812 0.187500 0.269531 0.187500 0.271484 0.193359 0.267578 0.197266 0.267578 0.199219 0.265625 0.201172 0.265625 0.208984 0.257812 0.208984 0.242188
1 0.000000 0.185547 0.001953 0.208984 0.150391 0.271484 0.205078 0.318359 0.224609 0.314453 0.251953 0.322266 0.259766 0.316406 0.234375 0.302734 0.244141 0.261719 0.238281 0.234375 0.222656 0.244141 0.224609 0.275391 0.207031 0.287109
1 0.183594 0.181641 0.183594 0.187500 0.181641 0.189453 0.181641 0.195312 0.179688 0.197266 0.183594 0.203125 0.183594 0.207031 0.185547 0.208984 0.187500 0.214844 0.191406 0.218750 0.197266 0.218750 0.199219 0.216797 0.205078 0.216797 0.207031 0.214844 0.208984 0.214844 0.208984 0.212891 0.210938 0.210938 0.212891 0.210938 0.218750 0.205078 0.218750 0.203125 0.222656 0.197266 0.220703 0.195312 0.220703 0.193359 0.212891 0.185547 0.189453 0.185547 0.185547 0.181641
1 0.404297 0.101562 0.376953 0.087891 0.339844 0.091797 0.337891 0.093750 0.324219 0.093750 0.312500 0.101562 0.304688 0.111328 0.300781 0.121094 0.300781 0.134766 0.320312 0.136719 0.330078 0.132812 0.355469 0.132812 0.376953 0.123047 0.380859 0.123047 0.390625 0.115234 0.392578 0.111328 0.400391 0.107422
1 0.003906 0.000000 0.003906 0.046875 0.052734 0.097656 0.072266 0.103516 0.085938 0.119141 0.125000 0.128906 0.136719 0.144531 0.218750 0.177734 0.244141 0.208984 0.287109 0.195312 0.292969 0.177734 0.269531 0.150391 0.201172 0.119141 0.050781 0.000000
