0 0.705078 0.736328 0.689453 0.720703 0.673828 0.726562 0.642578 0.708984 0.636719 0.693359 0.615234 0.714844 0.576172 0.714844 0.529297 0.705078 0.537109 0.732422 0.552734 0.742188 0.541016 0.746094 0.507812 0.742188 0.460938 0.763672 0.451172 0.773438 0.443359 0.810547 0.462891 0.816406 0.564453 0.785156 0.564453 0.769531 0.574219 0.755859 0.609375 0.759766 0.677734 0.748047
0 0.511719 0.693359 0.505859 0.691406 0.501953 0.687500 0.500000 0.687500 0.490234 0.681641 0.482422 0.687500 0.480469 0.687500 0.480469 0.691406 0.478516 0.693359 0.478516 0.720703 0.466797 0.738281 0.480469 0.738281 0.482422 0.736328 0.486328 0.736328 0.488281 0.734375 0.492188 0.734375 0.494141 0.732422 0.496094 0.732422 0.498047 0.730469 0.498047 0.726562 0.501953 0.720703 0.505859 0.703125
0 0.289062 0.642578 0.279297 0.658203 0.289062 0.666016 0.292969 0.677734 0.306641 0.689453 0.312500 0.699219 0.310547 0.716797 0.316406 0.732422 0.333984 0.738281 0.373047 0.771484 0.369141 0.755859 0.369141 0.740234 0.359375 0.728516 0.357422 0.701172 0.349609 0.693359 0.339844 0.691406 0.332031 0.681641 0.332031 0.677734 0.316406 0.667969 0.320312 0.648438 0.298828 0.638672
0 0.000000 0.257812 0.000000 0.287109 0.005859 0.292969 0.072266 0.308594 0.087891 0.304688 0.107422 0.306641 0.164062 0.322266 0.201172 0.318359 0.207031 0.314453 0.205078 0.300781 0.158203 0.300781 0.146484 0.291016 0.083984 0.285156 0.035156 0.273438 0.027344 0.248047 0.011719 0.240234
0 0.099609 0.203125 0.097656 0.205078 0.095703 0.205078 0.093750 0.207031 0.091797 0.207031 0.091797 0.208984 0.089844 0.210938 0.089844 0.226562 0.087891 0.228516 0.087891 0.230469 0.089844 0.232422 0.091797 0.232422 0.093750 0.234375 0.093750 0.236328 0.095703 0.236328 0.097656 0.238281 0.101562 0.238281 0.103516 0.236328 0.103516 0.234375 0.107422 0.230469 0.107422 0.220703 0.105469 0.218750 0.105469 0.216797 0.103516 0.214844 0.103516 0.210938 0.101562 0.208984 0.101562 0.205078
0 0.003906 0.001953 0.003906 0.046875 0.013672 0.060547 0.035156 0.062500 0.046875 0.083984 0.046875 0.109375 0.058594 0.134766 0.042969 0.148438 0.001953 0.136719 0.001953 0.158203 0.025391 0.171875 0.076172 0.175781 0.128906 0.191406 0.138672 0.183594 0.138672 0.160156 0.154297 0.142578 0.195312 0.126953 0.203125 0.109375 0.232422 0.089844 0.226562 0.074219 0.191406 0.052734 0.175781 0.033203 0.185547 0.005859
0 0.998047 0.017578 0.841797 0.064453 0.876953 0.001953 0.601562 0.207031 0.558594 0.125000 0.677734 0.007812 0.703125 0.097656 0.705078 0.001953 0.607422 0.062500 0.599609 0.001953 0.445312 0.001953 0.419922 0.255859 0.167969 0.189453 0.263672 0.330078 0.113281 0.378906 0.000000 0.328125 0.003906 0.402344 0.173828 0.384766 0.125000 0.437500 0.388672 0.507812 0.429688 0.650391 0.453125 0.500000 0.480469 0.644531 0.529297 0.505859 0.558594 0.658203 0.632812 0.689453 0.650391 0.458984 0.560547 0.427734 0.990234 0.470703 0.998047 0.363281 0.929688 0.445312 0.888672 0.365234 0.775391 0.382812 0.824219 0.458984 0.714844 0.414062 0.976562 0.353516 0.824219 0.335938 0.996094 0.271484 0.972656 0.154297 0.943359 0.265625 0.890625 0.173828 0.833984 0.287109 0.744141 0.304688 0.763672 0.201172 0.630859 0.238281 0.630859 0.328125 0.580078 0.251953 0.998047 0.111328 0.898438 0.072266
1 0.316406 0.753906 0.337891 0.789062 0.375000 0.822266 0.390625 0.828125 0.404297 0.828125 0.412109 0.822266 0.433594 0.816406 0.443359 0.806641 0.449219 0.781250 0.439453 0.773438 0.406250 0.783203 0.388672 0.785156 0.373047 0.777344 0.351562 0.759766 0.328125 0.746094
1 0.644531 0.681641 0.640625 0.687500 0.640625 0.697266 0.642578 0.699219 0.642578 0.701172 0.646484 0.705078 0.646484 0.707031 0.650391 0.710938 0.650391 0.712891 0.654297 0.712891 0.656250 0.714844 0.662109 0.714844 0.664062 0.716797 0.673828 0.716797 0.671875 0.714844 0.671875 0.712891 0.667969 0.708984 0.667969 0.707031 0.664062 0.703125 0.664062 0.701172 0.660156 0.697266 0.660156 0.695312 0.656250 0.691406 0.656250 0.689453 0.654297 0.687500 0.654297 0.683594 0.650391 0.679688 0.648438 0.681641
1 0.476562 0.687500 0.437500 0.691406 0.429688 0.669922 0.406250 0.669922 0.392578 0.677734 0.390625 0.687500 0.378906 0.697266 0.375000 0.708984 0.363281 0.716797 0.361328 0.728516 0.373047 0.742188 0.376953 0.753906 0.386719 0.750000 0.394531 0.726562 0.406250 0.716797 0.414062 0.718750 0.419922 0.730469 0.433594 0.738281 0.458984 0.732422 0.476562 0.716797 0.474609 0.714844
1 0.267578 0.660156 0.257812 0.667969 0.255859 0.679688 0.246094 0.697266 0.232422 0.705078 0.232422 0.722656 0.271484 0.751953 0.279297 0.753906 0.298828 0.765625 0.310547 0.763672 0.312500 0.761719 0.310547 0.759766 0.310547 0.732422 0.304688 0.724609 0.302734 0.710938 0.308594 0.701172 0.277344 0.660156
1 0.480469 0.650391 0.480469 0.658203 0.488281 0.679688 0.537109 0.703125 0.546875 0.703125 0.576172 0.712891 0.617188 0.710938 0.623047 0.703125 0.623047 0.687500 0.611328 0.683594 0.582031 0.683594 0.576172 0.675781 0.574219 0.666016 0.548828 0.654297 0.531250 0.652344 0.501953 0.640625 0.484375 0.642578
1 0.453125 0.527344 0.449219 0.527344 0.447266 0.529297 0.445312 0.529297 0.439453 0.535156 0.437500 0.535156 0.423828 0.548828 0.423828 0.550781 0.421875 0.552734 0.421875 0.560547 0.419922 0.562500 0.419922 0.566406 0.425781 0.572266 0.427734 0.572266 0.437500 0.578125 0.447266 0.578125 0.451172 0.572266 0.451172 0.562500 0.453125 0.560547
1 0.562500 0.427734 0.564453 0.439453 0.599609 0.433594 0.640625 0.437500 0.648438 0.445312 0.652344 0.455078 0.660156 0.443359 0.660156 0.437500 0.646484 0.412109 0.636719 0.404297 0.617188 0.402344 0.625000 0.408203 0.638672 0.412109 0.646484 0.423828 0.644531 0.427734 0.603516 0.427734 0.593750 0.423828 0.593750 0.417969 0.609375 0.400391 0.601562 0.400391
1 0.585938 0.250000 0.583984 0.255859 0.587891 0.263672 0.587891 0.269531 0.593750 0.279297 0.595703 0.289062 0.603516 0.302734 0.605469 0.310547 0.609375 0.314453 0.630859 0.326172 0.638672 0.312500 0.640625 0.300781 0.638672 0.298828 0.638672 0.291016 0.634766 0.279297 0.628906 0.273438 0.625000 0.265625 0.630859 0.255859 0.630859 0.250000 0.626953 0.238281 0.605469 0.246094
2 0.593750 0.421875 0.595703 0.421875 0.597656 0.423828 0.601562 0.423828 0.603516 0.425781 0.609375 0.425781 0.611328 0.423828 0.617188 0.423828 0.619141 0.425781 0.630859 0.425781 0.632812 0.427734 0.638672 0.427734 0.640625 0.425781 0.644531 0.425781 0.644531 0.423828 0.642578 0.421875 0.642578 0.419922 0.638672 0.414062 0.621094 0.408203 0.613281 0.400391 0.611328 0.402344 0.605469 0.404297 0.605469 0.406250 0.599609 0.412109 0.599609 0.414062 0.595703 0.417969 0.595703 0.419922
