0 0.349609 0.742188 0.349609 0.775391 0.662109 0.914062 0.816406 0.787109 0.814453 0.742188 0.667969 0.859375 0.634766 0.818359 0.595703 0.837891 0.578125 0.816406 0.556641 0.814453 0.546875 0.828125 0.494141 0.785156 0.384766 0.751953 0.371094 0.736328
0 0.265625 0.699219 0.263672 0.701172 0.263672 0.736328 0.324219 0.767578 0.318359 0.759766 0.320312 0.755859 0.320312 0.732422 0.314453 0.718750 0.306641 0.710938 0.300781 0.708984 0.302734 0.707031 0.320312 0.707031 0.330078 0.703125 0.337891 0.697266 0.335938 0.685547 0.314453 0.687500 0.300781 0.693359 0.285156 0.693359 0.281250 0.697266
0 0.357422 0.654297 0.359375 0.691406 0.435547 0.714844 0.455078 0.732422 0.484375 0.734375 0.591797 0.781250 0.625000 0.787109 0.626953 0.771484 0.646484 0.753906 0.667969 0.755859 0.689453 0.716797 0.708984 0.730469 0.712891 0.658203 0.707031 0.648438 0.673828 0.683594 0.666016 0.681641 0.669922 0.667969 0.660156 0.666016 0.605469 0.701172 0.595703 0.695312 0.568359 0.712891 0.519531 0.703125 0.470703 0.679688 0.447266 0.679688 0.437500 0.666016 0.417969 0.677734 0.406250 0.669922 0.404297 0.646484
0 0.662109 0.488281 0.652344 0.490234 0.646484 0.505859 0.644531 0.535156 0.638672 0.541016 0.634766 0.552734 0.634766 0.578125 0.636719 0.582031 0.650391 0.587891 0.652344 0.599609 0.650391 0.601562 0.638672 0.597656 0.630859 0.591797 0.628906 0.619141 0.636719 0.623047 0.638672 0.632812 0.648438 0.628906 0.664062 0.636719 0.671875 0.628906 0.677734 0.609375 0.673828 0.595703 0.677734 0.523438 0.666016 0.523438 0.662109 0.507812
0 0.519531 0.226562 0.496094 0.236328 0.513672 0.332031 0.511719 0.414062 0.498047 0.447266 0.496094 0.625000 0.507812 0.646484 0.550781 0.640625 0.562500 0.632812 0.568359 0.611328 0.546875 0.566406 0.546875 0.300781 0.550781 0.289062 0.578125 0.283203 0.576172 0.265625 0.531250 0.259766
0 0.445312 0.222656 0.400391 0.226562 0.390625 0.234375 0.392578 0.294922 0.421875 0.347656 0.421875 0.490234 0.394531 0.568359 0.398438 0.613281 0.464844 0.605469 0.441406 0.449219 0.445312 0.296875 0.453125 0.273438 0.425781 0.246094
0 0.755859 0.220703 0.789062 0.234375 0.828125 0.238281 0.984375 0.277344 0.998047 0.275391 0.988281 0.222656 0.978516 0.218750 0.949219 0.222656 0.849609 0.222656 0.802734 0.212891 0.781250 0.212891
0 0.601562 0.203125 0.578125 0.212891 0.611328 0.230469 0.625000 0.251953 0.623047 0.259766 0.613281 0.255859 0.615234 0.277344 0.597656 0.296875 0.597656 0.251953 0.587891 0.265625 0.597656 0.433594 0.613281 0.457031 0.630859 0.449219 0.634766 0.437500 0.609375 0.339844 0.617188 0.332031 0.621094 0.363281 0.642578 0.410156 0.660156 0.388672 0.666016 0.419922 0.677734 0.425781 0.683594 0.273438 0.679688 0.250000 0.666016 0.289062 0.644531 0.285156 0.650391 0.277344 0.623047 0.212891
0 0.826172 0.195312 0.816406 0.185547 0.812500 0.185547 0.810547 0.187500 0.777344 0.187500 0.775391 0.189453 0.765625 0.189453 0.746094 0.199219 0.750000 0.203125 0.751953 0.208984 0.769531 0.208984 0.771484 0.207031 0.789062 0.207031 0.791016 0.205078 0.800781 0.205078 0.802734 0.207031 0.820312 0.207031 0.824219 0.205078
0 0.835938 0.148438 0.847656 0.169922 0.847656 0.207031 0.859375 0.210938 0.875000 0.203125 0.917969 0.201172 0.960938 0.216797 0.986328 0.207031 0.988281 0.171875 0.917969 0.146484 0.919922 0.160156 0.931641 0.169922 0.927734 0.171875 0.859375 0.144531
0 0.765625 0.023438 0.777344 0.033203 0.828125 0.050781 0.851562 0.050781 0.900391 0.070312 0.949219 0.072266 0.990234 0.080078 0.996094 0.074219 0.998047 0.005859 0.990234 0.001953 0.974609 0.005859 0.941406 0.025391 0.927734 0.005859 0.875000 0.007812 0.833984 0.001953 0.806641 0.019531 0.789062 0.001953 0.775391 0.003906
0 0.685547 0.033203 0.751953 0.066406 0.800781 0.105469 0.876953 0.128906 0.908203 0.154297 0.910156 0.138672 0.871094 0.121094 0.855469 0.101562 0.822266 0.091797 0.808594 0.080078 0.912109 0.099609 0.949219 0.095703 0.955078 0.080078 0.828125 0.074219 0.830078 0.060547 0.757812 0.046875 0.753906 0.027344 0.722656 0.017578 0.714844 0.001953 0.691406 0.003906
0 0.156250 0.064453 0.181641 0.095703 0.267578 0.123047 0.392578 0.113281 0.423828 0.072266 0.482422 0.056641 0.519531 0.064453 0.585938 0.058594 0.664062 0.082031 0.662109 0.066406 0.630859 0.046875 0.597656 0.044922 0.523438 0.001953 0.376953 0.000000 0.371094 0.046875 0.294922 0.046875 0.257812 0.033203
