0 0.304688 0.494141 0.285156 0.494141 0.277344 0.476562 0.261719 0.480469 0.255859 0.474609 0.259766 0.455078 0.255859 0.458984 0.244141 0.458984 0.238281 0.447266 0.226562 0.441406 0.214844 0.464844 0.203125 0.470703 0.195312 0.464844 0.195312 0.451172 0.154297 0.449219 0.140625 0.458984 0.142578 0.482422 0.109375 0.501953 0.107422 0.507812 0.111328 0.511719 0.302734 0.515625
0 0.740234 0.482422 0.742188 0.500000 0.929688 0.496094 0.921875 0.480469 0.908203 0.466797 0.890625 0.468750 0.884766 0.480469 0.880859 0.449219 0.875000 0.445312 0.861328 0.447266 0.851562 0.455078 0.824219 0.457031 0.798828 0.435547 0.791016 0.435547 0.773438 0.451172 0.773438 0.468750 0.767578 0.476562 0.753906 0.474609
0 0.773438 0.402344 0.781250 0.410156 0.812500 0.408203 0.814453 0.406250 0.833984 0.406250 0.835938 0.404297 0.873047 0.404297 0.875000 0.406250 0.880859 0.406250 0.884766 0.394531 0.865234 0.392578 0.863281 0.390625 0.789062 0.390625 0.787109 0.392578 0.779297 0.392578 0.773438 0.398438
0 0.250000 0.361328 0.224609 0.357422 0.210938 0.361328 0.210938 0.371094 0.238281 0.384766 0.238281 0.396484 0.232422 0.402344 0.222656 0.398438 0.160156 0.396484 0.142578 0.402344 0.142578 0.414062 0.154297 0.427734 0.199219 0.417969 0.246094 0.423828 0.240234 0.419922 0.253906 0.417969 0.261719 0.390625
0 0.123047 0.347656 0.125000 0.347656 0.130859 0.353516 0.138672 0.357422 0.148438 0.357422 0.150391 0.359375 0.162109 0.359375 0.164062 0.361328 0.173828 0.361328 0.175781 0.363281 0.187500 0.363281 0.189453 0.361328 0.191406 0.365234 0.197266 0.359375 0.195312 0.361328 0.191406 0.361328 0.189453 0.359375 0.189453 0.355469 0.187500 0.351562 0.177734 0.341797 0.171875 0.341797 0.169922 0.339844 0.162109 0.339844 0.160156 0.337891 0.154297 0.337891 0.146484 0.333984 0.136719 0.333984 0.134766 0.332031 0.128906 0.339844 0.128906 0.341797
0 0.839844 0.324219 0.837891 0.326172 0.816406 0.332031 0.800781 0.349609 0.792969 0.353516 0.789062 0.353516 0.771484 0.363281 0.763672 0.373047 0.763672 0.388672 0.773438 0.390625 0.794922 0.375000 0.820312 0.371094 0.816406 0.361328 0.818359 0.359375 0.818359 0.355469 0.826172 0.347656 0.837891 0.339844 0.837891 0.328125
0 0.021484 0.283203 0.019531 0.287109 0.019531 0.292969 0.017578 0.294922 0.017578 0.298828 0.027344 0.304688 0.031250 0.304688 0.037109 0.308594 0.046875 0.310547 0.060547 0.324219 0.076172 0.332031 0.091797 0.332031 0.095703 0.328125 0.093750 0.314453 0.085938 0.308594 0.080078 0.306641 0.076172 0.302734 0.068359 0.298828 0.058594 0.298828 0.035156 0.287109 0.031250 0.287109 0.029297 0.285156
0 0.884766 0.275391 0.880859 0.275391 0.876953 0.279297 0.875000 0.279297 0.871094 0.283203 0.869141 0.283203 0.855469 0.296875 0.855469 0.298828 0.853516 0.300781 0.851562 0.306641 0.857422 0.312500 0.880859 0.312500 0.882812 0.310547 0.884766 0.310547 0.886719 0.308594 0.888672 0.308594 0.894531 0.304688 0.894531 0.292969 0.896484 0.291016 0.890625 0.285156 0.890625 0.283203 0.884766 0.277344
0 0.121094 0.271484 0.119141 0.273438 0.117188 0.273438 0.113281 0.277344 0.113281 0.279297 0.111328 0.281250 0.111328 0.285156 0.109375 0.287109 0.109375 0.291016 0.107422 0.292969 0.107422 0.294922 0.109375 0.296875 0.109375 0.312500 0.111328 0.314453 0.111328 0.326172 0.113281 0.326172 0.117188 0.330078 0.121094 0.330078 0.121094 0.326172 0.123047 0.324219 0.123047 0.320312 0.125000 0.318359 0.125000 0.314453 0.126953 0.312500 0.126953 0.308594 0.128906 0.306641 0.130859 0.306641 0.134766 0.302734 0.134766 0.300781 0.136719 0.298828 0.136719 0.294922 0.140625 0.289062 0.130859 0.277344 0.128906 0.277344 0.125000 0.273438 0.123047 0.273438
0 0.957031 0.218750 0.941406 0.218750 0.931641 0.228516 0.929688 0.228516 0.927734 0.230469 0.921875 0.232422 0.917969 0.236328 0.916016 0.236328 0.910156 0.242188 0.908203 0.242188 0.908203 0.250000 0.916016 0.257812 0.921875 0.255859 0.925781 0.251953 0.927734 0.251953 0.943359 0.236328 0.945312 0.236328 0.953125 0.228516 0.953125 0.222656 0.951172 0.220703 0.953125 0.218750
0 0.998047 0.177734 0.992188 0.177734 0.990234 0.179688 0.984375 0.179688 0.978516 0.185547 0.976562 0.185547 0.972656 0.189453 0.972656 0.191406 0.970703 0.193359 0.970703 0.195312 0.968750 0.197266 0.968750 0.199219 0.966797 0.201172 0.966797 0.203125 0.964844 0.205078 0.964844 0.207031 0.974609 0.207031 0.976562 0.205078 0.982422 0.205078 0.984375 0.203125 0.986328 0.203125 0.998047 0.191406 0.996094 0.191406 0.994141 0.189453 0.998047 0.183594
