0 0.181641 0.785156 0.169922 0.787109 0.167969 0.794922 0.154297 0.822266 0.154297 0.826172 0.146484 0.839844 0.142578 0.878906 0.148438 0.882812 0.150391 0.880859 0.156250 0.880859 0.158203 0.878906 0.175781 0.875000 0.189453 0.863281 0.189453 0.859375 0.193359 0.853516 0.195312 0.839844 0.197266 0.837891 0.197266 0.814453 0.191406 0.800781 0.191406 0.794922
0 0.933594 0.621094 0.894531 0.638672 0.867188 0.667969 0.830078 0.673828 0.791016 0.693359 0.779297 0.705078 0.777344 0.722656 0.787109 0.738281 0.804688 0.742188 0.822266 0.751953 0.878906 0.751953 0.916016 0.761719 0.927734 0.755859 0.935547 0.738281 0.937500 0.714844
0 0.849609 0.582031 0.824219 0.552734 0.763672 0.593750 0.734375 0.603516 0.689453 0.597656 0.671875 0.607422 0.650391 0.599609 0.605469 0.628906 0.585938 0.609375 0.560547 0.601562 0.517578 0.634766 0.468750 0.636719 0.421875 0.669922 0.412109 0.701172 0.416016 0.708984 0.492188 0.724609 0.529297 0.664062 0.562500 0.658203 0.583984 0.701172 0.619141 0.691406 0.642578 0.662109 0.679688 0.666016 0.744141 0.644531 0.794922 0.613281 0.818359 0.576172
0 0.714844 0.101562 0.722656 0.111328 0.720703 0.128906 0.728516 0.136719 0.732422 0.136719 0.734375 0.138672 0.746094 0.138672 0.763672 0.125000 0.767578 0.125000 0.769531 0.126953 0.783203 0.126953 0.777344 0.115234 0.763672 0.113281 0.761719 0.111328 0.757812 0.111328 0.755859 0.109375 0.751953 0.109375 0.750000 0.107422 0.746094 0.107422 0.744141 0.105469 0.740234 0.105469 0.732422 0.101562
1 0.000000 0.996094 0.060547 0.998047 0.148438 0.994141 0.187500 0.976562 0.191406 0.923828 0.115234 0.939453 0.105469 0.929688 0.111328 0.919922 0.083984 0.912109 0.062500 0.931641 0.019531 0.945312 0.000000 0.966797
1 0.732422 0.787109 0.742188 0.794922 0.912109 0.818359 0.943359 0.785156 0.943359 0.755859 0.931641 0.755859 0.927734 0.763672 0.919922 0.767578 0.876953 0.757812 0.822266 0.753906 0.804688 0.744141 0.785156 0.740234 0.744141 0.767578
1 0.908203 0.625000 0.210938 0.910156 0.332031 0.900391 0.539062 0.804688 0.595703 0.794922 0.769531 0.708984 0.812500 0.675781 0.873047 0.662109
1 0.886719 0.613281 0.857422 0.615234 0.843750 0.582031 0.818359 0.580078 0.789062 0.623047 0.677734 0.669922 0.644531 0.664062 0.601562 0.703125 0.570312 0.695312 0.562500 0.660156 0.529297 0.666016 0.494141 0.728516 0.414062 0.712891 0.359375 0.732422 0.347656 0.714844 0.328125 0.714844 0.226562 0.783203 0.205078 0.833984 0.207031 0.882812 0.226562 0.888672
1 0.212891 0.373047 0.210938 0.375000 0.208984 0.375000 0.208984 0.380859 0.207031 0.382812 0.207031 0.390625 0.205078 0.392578 0.210938 0.402344 0.210938 0.406250 0.212891 0.408203 0.214844 0.414062 0.216797 0.416016 0.218750 0.416016 0.226562 0.423828 0.226562 0.419922 0.228516 0.417969 0.228516 0.414062 0.230469 0.412109 0.230469 0.406250 0.232422 0.404297 0.232422 0.400391 0.234375 0.398438 0.234375 0.375000 0.232422 0.373047
1 0.759766 0.162109 0.771484 0.173828 0.792969 0.175781 0.812500 0.189453 0.833984 0.185547 0.849609 0.193359 0.853516 0.208984 0.878906 0.210938 0.933594 0.191406 0.898438 0.179688 0.851562 0.154297 0.833984 0.152344 0.804688 0.142578 0.789062 0.132812 0.765625 0.144531
