0 0.099609 0.855469 0.083984 0.857422 0.074219 0.865234 0.054688 0.876953 0.046875 0.892578 0.048828 0.896484 0.050781 0.896484 0.072266 0.912109 0.082031 0.916016 0.085938 0.919922 0.095703 0.923828 0.101562 0.912109 0.101562 0.898438 0.103516 0.896484 0.103516 0.892578 0.099609 0.886719 0.099609 0.882812 0.107422 0.873047 0.107422 0.865234 0.099609 0.857422
0 0.349609 0.757812 0.769531 0.876953 0.757812 0.861328 0.777344 0.833984 0.759766 0.822266 0.687500 0.812500 0.371094 0.738281
0 0.119141 0.679688 0.107422 0.695312 0.105469 0.736328 0.121094 0.732422 0.130859 0.740234 0.130859 0.798828 0.111328 0.787109 0.111328 0.808594 0.123047 0.841797 0.109375 0.861328 0.150391 0.875000 0.287109 0.835938 0.287109 0.751953 0.167969 0.716797 0.144531 0.705078
0 0.703125 0.671875 0.708984 0.705078 0.753906 0.718750 0.798828 0.775391 0.841797 0.798828 0.843750 0.814453 0.826172 0.818359 0.830078 0.822266 0.869141 0.832031 0.906250 0.826172 0.896484 0.806641 0.880859 0.791016 0.847656 0.730469 0.787109 0.662109 0.759766 0.652344 0.720703 0.660156
0 0.279297 0.142578 0.261719 0.142578 0.250000 0.148438 0.218750 0.150391 0.144531 0.185547 0.156250 0.191406 0.164062 0.191406 0.173828 0.201172 0.183594 0.199219 0.197266 0.191406 0.207031 0.203125 0.224609 0.201172 0.222656 0.183594 0.232422 0.175781 0.246094 0.173828 0.275391 0.158203
0 0.435547 0.064453 0.423828 0.066406 0.402344 0.078125 0.380859 0.097656 0.349609 0.097656 0.347656 0.107422 0.363281 0.117188 0.349609 0.126953 0.333984 0.121094 0.314453 0.121094 0.308594 0.134766 0.292969 0.142578 0.298828 0.152344 0.322266 0.148438 0.373047 0.119141 0.394531 0.117188 0.410156 0.109375 0.398438 0.095703 0.425781 0.080078 0.433594 0.072266
0 0.623047 0.005859 0.619141 0.000000 0.560547 0.000000 0.560547 0.003906 0.542969 0.021484 0.554688 0.031250 0.548828 0.041016 0.529297 0.052734 0.498047 0.056641 0.470703 0.070312 0.466797 0.082031 0.498047 0.078125 0.533203 0.058594 0.542969 0.046875 0.589844 0.044922 0.605469 0.039062 0.613281 0.033203
1 0.126953 0.681641 0.140625 0.697266 0.162109 0.708984 0.228516 0.730469 0.291016 0.742188 0.339844 0.757812 0.351562 0.753906 0.359375 0.730469 0.242188 0.707031 0.162109 0.681641 0.152344 0.667969 0.164062 0.662109 0.164062 0.654297 0.154297 0.640625 0.140625 0.652344
1 0.201172 0.638672 0.203125 0.675781 0.267578 0.701172 0.328125 0.712891 0.320312 0.697266 0.568359 0.759766 0.664062 0.771484 0.798828 0.816406 0.841797 0.810547 0.832031 0.792969 0.791016 0.779297 0.765625 0.736328 0.734375 0.714844 0.650391 0.699219 0.619141 0.679688 0.548828 0.669922 0.533203 0.677734 0.500000 0.638672 0.392578 0.595703 0.285156 0.597656 0.263672 0.578125
1 0.107422 0.203125 0.109375 0.208984 0.134766 0.208984 0.136719 0.210938 0.140625 0.210938 0.150391 0.216797 0.158203 0.216797 0.160156 0.218750 0.166016 0.218750 0.166016 0.205078 0.164062 0.203125 0.164062 0.201172 0.162109 0.199219 0.160156 0.199219 0.154297 0.195312 0.150391 0.195312 0.144531 0.191406 0.126953 0.191406 0.125000 0.193359 0.119141 0.195312 0.109375 0.203125
