0 0.162109 0.818359 0.164062 0.824219 0.214844 0.843750 0.259766 0.847656 0.292969 0.841797 0.324219 0.853516 0.339844 0.869141 0.375000 0.869141 0.431641 0.861328 0.449219 0.828125 0.482422 0.798828 0.443359 0.791016 0.259766 0.783203 0.171875 0.769531
0 0.365234 0.660156 0.339844 0.652344 0.320312 0.669922 0.304688 0.669922 0.285156 0.685547 0.275391 0.714844 0.273438 0.742188 0.287109 0.753906 0.306641 0.748047 0.318359 0.748047 0.349609 0.765625 0.355469 0.765625 0.384766 0.748047 0.388672 0.728516 0.388672 0.699219 0.384766 0.689453 0.369141 0.675781
0 0.230469 0.076172 0.251953 0.234375 0.296875 0.281250 0.271484 0.443359 0.306641 0.306641 0.337891 0.298828 0.361328 0.347656 0.351562 0.431641 0.332031 0.416016 0.320312 0.566406 0.304688 0.572266 0.259766 0.515625 0.263672 0.552734 0.333984 0.611328 0.431641 0.636719 0.470703 0.617188 0.519531 0.539062 0.552734 0.550781 0.570312 0.587891 0.554688 0.511719 0.496094 0.525391 0.492188 0.373047 0.539062 0.283203 0.621094 0.289062 0.626953 0.185547 0.660156 0.099609 0.638672 0.076172 0.603516 0.105469 0.460938 0.074219 0.443359 0.093750
0 0.457031 0.000000 0.455078 0.000000 0.453125 0.001953 0.431641 0.001953 0.431641 0.007812 0.433594 0.009766 0.433594 0.031250 0.435547 0.033203 0.435547 0.042969 0.437500 0.044922 0.437500 0.048828 0.439453 0.050781 0.441406 0.056641 0.447266 0.056641 0.449219 0.054688 0.451172 0.054688 0.451172 0.044922 0.453125 0.042969 0.453125 0.015625 0.455078 0.013672 0.455078 0.007812 0.457031 0.005859
1 0.060547 0.820312 0.060547 0.851562 0.078125 0.861328 0.349609 0.888672 0.580078 0.898438 0.582031 0.808594 0.558594 0.791016 0.484375 0.798828 0.451172 0.828125 0.431641 0.863281 0.333984 0.873047 0.306641 0.847656 0.226562 0.849609 0.152344 0.822266 0.169922 0.769531 0.091797 0.757812
1 0.294922 0.644531 0.277344 0.644531 0.261719 0.660156 0.253906 0.664062 0.251953 0.662109 0.246094 0.662109 0.234375 0.673828 0.232422 0.701172 0.230469 0.707031 0.242188 0.714844 0.267578 0.714844 0.273438 0.712891 0.281250 0.683594 0.287109 0.675781 0.291016 0.666016 0.306641 0.658203
1 0.568359 0.587891 0.552734 0.552734 0.539062 0.542969 0.519531 0.541016 0.480469 0.587891 0.470703 0.623047 0.449219 0.642578 0.378906 0.632812 0.320312 0.603516 0.298828 0.613281 0.304688 0.630859 0.316406 0.638672 0.369141 0.650391 0.373047 0.673828 0.388672 0.687500 0.394531 0.714844 0.468750 0.730469 0.523438 0.718750 0.539062 0.703125 0.550781 0.658203 0.544922 0.628906 0.550781 0.613281 0.568359 0.601562
1 0.265625 0.451172 0.267578 0.490234 0.263672 0.515625 0.294922 0.539062 0.302734 0.568359 0.312500 0.568359 0.318359 0.564453 0.322266 0.529297 0.328125 0.515625 0.326172 0.488281 0.318359 0.478516 0.312500 0.458984 0.304688 0.445312 0.279297 0.453125
1 0.539062 0.287109 0.533203 0.292969 0.529297 0.304688 0.546875 0.314453 0.560547 0.326172 0.576172 0.353516 0.578125 0.363281 0.595703 0.363281 0.615234 0.357422 0.619141 0.300781 0.609375 0.285156 0.605469 0.283203 0.582031 0.283203 0.580078 0.285156 0.566406 0.285156 0.564453 0.287109
1 0.500000 0.015625 0.500000 0.082031 0.601562 0.099609 0.638672 0.074219 0.660156 0.095703 0.630859 0.179688 0.640625 0.259766 0.818359 0.263672 0.898438 0.240234 0.998047 0.248047 0.998047 0.000000 0.615234 0.000000 0.583984 0.025391 0.544922 0.027344 0.533203 0.000000 0.509766 0.001953
1 0.296875 0.000000 0.294922 0.072266 0.345703 0.074219 0.367188 0.089844 0.439453 0.089844 0.447266 0.072266 0.457031 0.070312 0.470703 0.076172 0.472656 0.000000 0.458984 0.000000 0.453125 0.058594 0.445312 0.062500 0.433594 0.042969 0.429688 0.003906
