0 0.201172 0.681641 0.636719 0.875000 0.658203 0.875000 0.634766 0.853516 0.582031 0.837891 0.546875 0.802734 0.478516 0.785156 0.470703 0.773438 0.375000 0.744141 0.324219 0.716797 0.269531 0.710938 0.257812 0.689453
0 0.029297 0.605469 0.037109 0.626953 0.033203 0.648438 0.042969 0.660156 0.044922 0.734375 0.035156 0.753906 0.000000 0.769531 0.005859 0.828125 0.134766 0.802734 0.251953 0.769531 0.240234 0.746094 0.203125 0.736328 0.195312 0.681641 0.062500 0.623047 0.054688 0.611328 0.056641 0.593750
0 0.232422 0.580078 0.244141 0.630859 0.261719 0.619141 0.361328 0.671875 0.380859 0.656250 0.423828 0.683594 0.501953 0.679688 0.541016 0.716797 0.568359 0.675781 0.589844 0.728516 0.638672 0.761719 0.755859 0.759766 0.773438 0.792969 0.830078 0.824219 0.951172 0.845703 0.896484 0.736328 0.843750 0.732422 0.787109 0.689453 0.728516 0.732422 0.683594 0.707031 0.638672 0.644531 0.578125 0.632812 0.517578 0.599609 0.486328 0.595703 0.443359 0.646484 0.386719 0.611328 0.361328 0.632812
0 0.152344 0.470703 0.152344 0.472656 0.148438 0.476562 0.148438 0.478516 0.144531 0.482422 0.144531 0.484375 0.140625 0.488281 0.138672 0.494141 0.134766 0.498047 0.134766 0.500000 0.130859 0.503906 0.130859 0.505859 0.128906 0.507812 0.130859 0.509766 0.130859 0.517578 0.144531 0.517578 0.146484 0.515625 0.146484 0.511719 0.148438 0.509766 0.148438 0.505859 0.150391 0.503906 0.152344 0.498047 0.156250 0.494141 0.156250 0.492188 0.160156 0.486328 0.160156 0.484375 0.158203 0.482422 0.158203 0.480469 0.154297 0.476562
0 0.181641 0.453125 0.179688 0.462891 0.175781 0.468750 0.175781 0.478516 0.177734 0.480469 0.177734 0.482422 0.179688 0.484375 0.179688 0.488281 0.185547 0.498047 0.185547 0.501953 0.189453 0.507812 0.191406 0.517578 0.199219 0.517578 0.201172 0.519531 0.203125 0.517578 0.203125 0.503906 0.205078 0.501953 0.205078 0.494141 0.203125 0.492188 0.203125 0.484375 0.201172 0.482422 0.199219 0.472656 0.195312 0.466797 0.193359 0.457031
0 0.123047 0.427734 0.113281 0.427734 0.111328 0.425781 0.109375 0.425781 0.107422 0.427734 0.103516 0.427734 0.101562 0.429688 0.097656 0.429688 0.095703 0.431641 0.093750 0.431641 0.093750 0.435547 0.095703 0.437500 0.095703 0.443359 0.097656 0.445312 0.097656 0.447266 0.101562 0.447266 0.103516 0.449219 0.109375 0.449219 0.111328 0.447266 0.115234 0.447266 0.117188 0.445312 0.121094 0.445312 0.121094 0.435547 0.123047 0.433594
0 0.132812 0.222656 0.125000 0.238281 0.125000 0.250000 0.126953 0.251953 0.126953 0.269531 0.128906 0.271484 0.128906 0.285156 0.130859 0.287109 0.132812 0.308594 0.134766 0.310547 0.134766 0.316406 0.140625 0.328125 0.142578 0.328125 0.154297 0.312500 0.154297 0.308594 0.152344 0.306641 0.152344 0.298828 0.150391 0.296875 0.150391 0.289062 0.148438 0.287109 0.148438 0.277344 0.146484 0.275391 0.146484 0.265625 0.144531 0.263672 0.144531 0.251953 0.142578 0.250000 0.142578 0.240234 0.140625 0.238281 0.140625 0.226562
0 0.191406 0.121094 0.183594 0.111328 0.169922 0.113281 0.125000 0.158203 0.087891 0.162109 0.087891 0.173828 0.085938 0.175781 0.099609 0.189453 0.123047 0.197266 0.144531 0.187500 0.158203 0.160156 0.162109 0.156250 0.181641 0.148438 0.191406 0.140625
1 0.058594 0.597656 0.066406 0.619141 0.144531 0.656250 0.257812 0.687500 0.271484 0.707031 0.330078 0.716797 0.546875 0.800781 0.582031 0.835938 0.634766 0.851562 0.662109 0.875000 0.761719 0.904297 0.791016 0.880859
1 0.066406 0.587891 0.871094 0.886719 0.937500 0.878906 0.929688 0.916016 0.833984 0.910156 0.814453 0.888672 0.810547 0.912109 0.851562 0.945312 0.998047 0.980469 0.990234 0.875000 0.833984 0.828125 0.755859 0.761719 0.623047 0.757812 0.583984 0.726562 0.568359 0.677734 0.542969 0.722656 0.494141 0.679688 0.453125 0.693359 0.259766 0.621094 0.244141 0.632812 0.212891 0.531250 0.164062 0.552734 0.140625 0.529297 0.119141 0.583984
1 0.191406 0.089844 0.175781 0.085938 0.150391 0.093750 0.023438 0.158203 0.066406 0.164062 0.083984 0.162109 0.091797 0.150391 0.109375 0.148438 0.123047 0.138672 0.144531 0.130859 0.185547 0.091797
