0 0.044922 0.535156 0.126953 0.873047 0.097656 0.875000 0.056641 0.996094 0.312500 0.996094 0.513672 0.769531 0.998047 0.976562 0.998047 0.949219 0.917969 0.904297 0.599609 0.785156 0.531250 0.722656 0.281250 0.644531 0.250000 0.609375 0.148438 0.599609 0.089844 0.537109
0 0.878906 0.494141 0.896484 0.568359 0.896484 0.595703 0.880859 0.607422 0.880859 0.621094 0.896484 0.636719 0.970703 0.667969 0.998047 0.695312 0.998047 0.574219 0.980469 0.552734 0.933594 0.525391 0.906250 0.494141
0 0.888672 0.400391 0.888672 0.402344 0.884766 0.406250 0.880859 0.402344 0.876953 0.402344 0.875000 0.404297 0.869141 0.404297 0.867188 0.406250 0.863281 0.406250 0.849609 0.412109 0.849609 0.455078 0.869141 0.468750 0.873047 0.468750 0.875000 0.466797 0.888672 0.466797 0.890625 0.458984 0.892578 0.457031 0.892578 0.451172 0.898438 0.437500 0.898438 0.431641 0.900391 0.427734 0.896484 0.421875 0.896484 0.417969 0.892578 0.412109 0.892578 0.408203
0 0.091797 0.261719 0.103516 0.384766 0.125000 0.503906 0.138672 0.507812 0.177734 0.476562 0.201172 0.478516 0.228516 0.447266 0.253906 0.468750 0.273438 0.445312 0.292969 0.386719 0.330078 0.341797 0.326172 0.324219 0.300781 0.332031 0.253906 0.376953 0.224609 0.375000 0.175781 0.412109 0.154297 0.417969 0.140625 0.404297 0.136719 0.339844
0 0.355469 0.244141 0.353516 0.246094 0.347656 0.248047 0.347656 0.283203 0.361328 0.298828 0.361328 0.300781 0.363281 0.300781 0.373047 0.291016 0.373047 0.289062 0.380859 0.281250 0.380859 0.279297 0.378906 0.277344 0.378906 0.273438 0.376953 0.271484 0.376953 0.267578 0.375000 0.265625 0.375000 0.261719 0.373047 0.259766 0.373047 0.255859 0.371094 0.253906 0.371094 0.250000 0.365234 0.246094 0.361328 0.246094 0.359375 0.244141
0 0.673828 0.210938 0.662109 0.216797 0.646484 0.248047 0.648438 0.251953 0.648438 0.275391 0.667969 0.298828 0.681641 0.300781 0.683594 0.302734 0.693359 0.283203 0.693359 0.263672 0.691406 0.261719 0.691406 0.246094 0.689453 0.244141 0.689453 0.238281 0.687500 0.236328 0.683594 0.220703 0.679688 0.214844 0.679688 0.210938
0 0.423828 0.171875 0.419922 0.171875 0.419922 0.173828 0.408203 0.187500 0.408203 0.191406 0.398438 0.208984 0.398438 0.220703 0.400391 0.222656 0.400391 0.230469 0.402344 0.232422 0.402344 0.236328 0.406250 0.240234 0.412109 0.242188 0.419922 0.248047 0.425781 0.242188 0.425781 0.240234 0.433594 0.230469 0.433594 0.205078 0.435547 0.203125 0.435547 0.195312 0.433594 0.193359 0.433594 0.189453 0.429688 0.181641 0.429688 0.175781
0 0.234375 0.160156 0.232422 0.162109 0.232422 0.164062 0.230469 0.166016 0.230469 0.167969 0.226562 0.173828 0.226562 0.179688 0.228516 0.181641 0.228516 0.191406 0.230469 0.193359 0.230469 0.199219 0.236328 0.199219 0.238281 0.197266 0.250000 0.197266 0.250000 0.169922 0.248047 0.167969 0.246094 0.167969 0.240234 0.162109 0.238281 0.162109 0.236328 0.160156
0 0.113281 0.119141 0.113281 0.123047 0.117188 0.130859 0.117188 0.136719 0.121094 0.140625 0.146484 0.154297 0.154297 0.162109 0.156250 0.162109 0.171875 0.175781 0.181641 0.181641 0.185547 0.158203 0.171875 0.140625 0.171875 0.138672 0.150391 0.117188 0.115234 0.117188
0 0.093750 0.117188 0.093750 0.123047 0.091797 0.125000 0.091797 0.128906 0.089844 0.130859 0.089844 0.134766 0.087891 0.136719 0.087891 0.140625 0.085938 0.142578 0.085938 0.150391 0.087891 0.152344 0.087891 0.175781 0.093750 0.175781 0.095703 0.177734 0.101562 0.177734 0.101562 0.166016 0.103516 0.164062 0.103516 0.132812 0.101562 0.130859 0.101562 0.121094 0.099609 0.119141
0 0.605469 0.103516 0.595703 0.111328 0.585938 0.126953 0.585938 0.134766 0.583984 0.136719 0.583984 0.144531 0.582031 0.146484 0.582031 0.154297 0.578125 0.166016 0.580078 0.167969 0.582031 0.203125 0.607422 0.205078 0.617188 0.183594 0.619141 0.171875 0.621094 0.169922 0.621094 0.160156 0.623047 0.158203 0.625000 0.142578 0.621094 0.134766 0.617188 0.115234
0 0.224609 0.027344 0.218750 0.029297 0.201172 0.046875 0.183594 0.070312 0.183594 0.095703 0.210938 0.126953 0.226562 0.119141 0.234375 0.107422 0.234375 0.103516 0.242188 0.087891 0.242188 0.060547 0.236328 0.050781 0.230469 0.033203
1 0.066406 0.515625 0.156250 0.599609 0.533203 0.720703 0.742188 0.849609 0.933594 0.875000 0.998047 0.947266 0.998047 0.847656 0.179688 0.544922 0.253906 0.542969 0.998047 0.808594 0.994141 0.695312 0.873047 0.615234 0.867188 0.486328 0.767578 0.373047 0.494141 0.410156 0.363281 0.324219 0.267578 0.468750 0.226562 0.451172 0.203125 0.490234
