0 0.378906 0.882812 0.378906 0.906250 0.386719 0.906250 0.388672 0.908203 0.406250 0.908203 0.406250 0.898438 0.404297 0.898438 0.402344 0.896484 0.400391 0.896484 0.398438 0.894531 0.394531 0.894531 0.388672 0.888672 0.386719 0.888672 0.382812 0.884766 0.380859 0.884766
0 0.466797 0.869141 0.464844 0.871094 0.464844 0.873047 0.462891 0.875000 0.462891 0.876953 0.458984 0.880859 0.458984 0.886719 0.457031 0.888672 0.457031 0.894531 0.458984 0.896484 0.458984 0.904297 0.476562 0.904297 0.480469 0.900391 0.480469 0.876953 0.472656 0.869141
0 0.441406 0.742188 0.435547 0.753906 0.435547 0.759766 0.437500 0.761719 0.437500 0.783203 0.439453 0.785156 0.439453 0.806641 0.437500 0.808594 0.439453 0.847656 0.460938 0.869141 0.462891 0.855469 0.464844 0.853516 0.460938 0.767578 0.457031 0.759766
0 0.564453 0.742188 0.564453 0.757812 0.576172 0.771484 0.578125 0.789062 0.572266 0.796875 0.558594 0.798828 0.552734 0.810547 0.578125 0.832031 0.597656 0.832031 0.599609 0.833984 0.615234 0.824219 0.617188 0.820312 0.617188 0.800781 0.613281 0.792969 0.603516 0.791016 0.595703 0.781250 0.595703 0.765625 0.599609 0.755859 0.583984 0.757812 0.578125 0.751953 0.576172 0.738281
0 0.419922 0.728516 0.408203 0.744141 0.406250 0.751953 0.394531 0.763672 0.394531 0.820312 0.396484 0.822266 0.398438 0.851562 0.402344 0.851562 0.417969 0.843750 0.417969 0.837891 0.419922 0.835938 0.417969 0.802734 0.416016 0.800781 0.416016 0.789062 0.414062 0.787109 0.423828 0.750000 0.423828 0.734375
0 0.585938 0.634766 0.580078 0.658203 0.580078 0.691406 0.539062 0.714844 0.537109 0.726562 0.539062 0.736328 0.548828 0.738281 0.564453 0.734375 0.582031 0.718750 0.587891 0.720703 0.597656 0.730469 0.621094 0.734375 0.623047 0.720703 0.630859 0.714844 0.644531 0.710938 0.625000 0.697266 0.597656 0.691406 0.593750 0.679688 0.591797 0.648438
0 0.275391 0.589844 0.275391 0.599609 0.273438 0.601562 0.273438 0.611328 0.275391 0.613281 0.275391 0.615234 0.279297 0.621094 0.279297 0.625000 0.283203 0.625000 0.285156 0.626953 0.291016 0.626953 0.292969 0.628906 0.294922 0.628906 0.294922 0.605469 0.292969 0.603516 0.292969 0.601562 0.291016 0.599609 0.291016 0.597656 0.287109 0.593750 0.287109 0.591797 0.285156 0.589844
0 0.353516 0.578125 0.345703 0.597656 0.367188 0.632812 0.371094 0.636719 0.386719 0.638672 0.388672 0.640625 0.402344 0.640625 0.406250 0.642578 0.408203 0.625000 0.414062 0.615234 0.416016 0.601562 0.417969 0.599609 0.412109 0.589844 0.384766 0.576172
0 0.470703 0.343750 0.431641 0.375000 0.427734 0.417969 0.431641 0.523438 0.433594 0.492188 0.445312 0.464844 0.451172 0.474609 0.451172 0.519531 0.462891 0.556641 0.451172 0.605469 0.457031 0.621094 0.474609 0.630859 0.480469 0.626953
0 0.414062 0.351562 0.378906 0.361328 0.351562 0.322266 0.300781 0.304688 0.285156 0.332031 0.285156 0.371094 0.246094 0.355469 0.187500 0.492188 0.185547 0.460938 0.144531 0.390625 0.099609 0.388672 0.050781 0.345703 0.052734 0.326172 0.035156 0.326172 0.003906 0.382812 0.011719 0.412109 0.000000 0.492188 0.009766 0.537109 0.054688 0.554688 0.242188 0.535156 0.246094 0.505859 0.281250 0.529297 0.390625 0.541016 0.406250 0.531250 0.417969 0.490234
0 0.566406 0.318359 0.550781 0.447266 0.574219 0.591797 0.546875 0.570312 0.554688 0.632812 0.621094 0.607422 0.673828 0.609375 0.722656 0.628906 0.853516 0.630859 0.996094 0.658203 0.990234 0.638672 0.916016 0.621094 0.906250 0.574219 0.744141 0.544922 0.701172 0.515625 0.701172 0.441406 0.636719 0.402344 0.662109 0.242188 0.595703 0.300781 0.580078 0.447266 0.578125 0.330078
1 0.550781 0.824219 0.542969 0.841797 0.548828 0.857422 0.546875 0.863281 0.539062 0.871094 0.541016 0.894531 0.554688 0.904297 0.634766 0.898438 0.626953 0.880859 0.615234 0.869141 0.613281 0.849609 0.619141 0.828125 0.591797 0.837891 0.580078 0.835938 0.564453 0.824219 0.558594 0.822266
1 0.421875 0.775391 0.416016 0.787109 0.423828 0.830078 0.419922 0.845703 0.412109 0.851562 0.398438 0.855469 0.386719 0.867188 0.380859 0.880859 0.392578 0.890625 0.406250 0.892578 0.414062 0.904297 0.453125 0.908203 0.457031 0.904297 0.453125 0.888672 0.460938 0.871094 0.453125 0.861328 0.439453 0.851562 0.435547 0.843750 0.433594 0.775391
1 0.583984 0.625000 0.601562 0.687500 0.648438 0.707031 0.802734 0.705078 0.820312 0.697266 0.964844 0.703125 0.990234 0.697266 0.996094 0.685547 0.992188 0.658203 0.968750 0.650391 0.896484 0.650391 0.869141 0.634766 0.771484 0.626953 0.722656 0.630859 0.669922 0.611328 0.644531 0.617188 0.619141 0.611328
1 0.417969 0.609375 0.412109 0.646484 0.376953 0.638672 0.345703 0.648438 0.121094 0.660156 0.080078 0.650391 0.064453 0.662109 0.056641 0.654297 0.015625 0.660156 0.000000 0.675781 0.000000 0.724609 0.287109 0.718750 0.287109 0.708984 0.347656 0.708984 0.369141 0.720703 0.378906 0.708984 0.421875 0.703125
1 0.445312 0.468750 0.437500 0.484375 0.433594 0.521484 0.431641 0.687500 0.445312 0.695312 0.470703 0.701172 0.482422 0.679688 0.482422 0.652344 0.474609 0.632812 0.464844 0.632812 0.449219 0.619141
1 0.542969 0.287109 0.529297 0.304688 0.525391 0.695312 0.533203 0.710938 0.564453 0.699219 0.576172 0.685547 0.574219 0.632812 0.548828 0.628906 0.539062 0.593750 0.546875 0.562500 0.574219 0.589844 0.570312 0.531250 0.548828 0.447266 0.560547 0.306641
