0 0.597656 0.603516 0.593750 0.605469 0.593750 0.615234 0.595703 0.619141 0.593750 0.621094 0.591797 0.628906 0.585938 0.634766 0.576172 0.638672 0.580078 0.644531 0.582031 0.652344 0.585938 0.656250 0.597656 0.662109 0.607422 0.669922 0.613281 0.669922 0.615234 0.671875 0.625000 0.671875 0.630859 0.662109 0.630859 0.658203 0.628906 0.656250 0.628906 0.646484 0.626953 0.644531 0.626953 0.636719 0.617188 0.630859 0.617188 0.617188 0.615234 0.613281 0.603516 0.601562 0.601562 0.603516
0 0.472656 0.574219 0.457031 0.589844 0.457031 0.591797 0.453125 0.595703 0.453125 0.601562 0.449219 0.609375 0.449219 0.640625 0.451172 0.642578 0.451172 0.650391 0.449219 0.652344 0.449219 0.669922 0.460938 0.660156 0.462891 0.660156 0.462891 0.609375 0.474609 0.591797
0 0.478516 0.564453 0.478516 0.578125 0.486328 0.589844 0.486328 0.609375 0.490234 0.626953 0.482422 0.638672 0.484375 0.662109 0.494141 0.681641 0.509766 0.697266 0.509766 0.701172 0.501953 0.710938 0.511719 0.714844 0.515625 0.689453 0.501953 0.652344 0.503906 0.611328 0.496094 0.591797 0.500000 0.585938 0.511719 0.582031 0.511719 0.570312 0.498047 0.564453
0 0.375000 0.552734 0.369141 0.552734 0.367188 0.550781 0.359375 0.550781 0.357422 0.548828 0.351562 0.548828 0.349609 0.546875 0.347656 0.546875 0.345703 0.548828 0.337891 0.548828 0.335938 0.550781 0.328125 0.550781 0.324219 0.554688 0.322266 0.554688 0.318359 0.558594 0.316406 0.558594 0.312500 0.562500 0.310547 0.562500 0.308594 0.564453 0.310547 0.566406 0.310547 0.570312 0.322266 0.570312 0.324219 0.568359 0.335938 0.568359 0.337891 0.566406 0.349609 0.566406 0.351562 0.564453 0.353516 0.564453 0.355469 0.562500 0.369141 0.556641 0.373047 0.552734
0 0.607422 0.542969 0.607422 0.550781 0.597656 0.560547 0.595703 0.558594 0.589844 0.558594 0.587891 0.556641 0.572266 0.552734 0.566406 0.564453 0.562500 0.568359 0.562500 0.572266 0.566406 0.576172 0.574219 0.589844 0.576172 0.587891 0.591797 0.583984 0.601562 0.574219 0.615234 0.583984 0.625000 0.583984 0.625000 0.574219 0.623047 0.572266 0.621094 0.562500
0 0.607422 0.183594 0.582031 0.302734 0.603516 0.457031 0.587891 0.447266 0.580078 0.498047 0.595703 0.498047 0.601562 0.513672 0.632812 0.484375 0.847656 0.509766 0.992188 0.544922 0.990234 0.531250 0.912109 0.517578 0.882812 0.500000 0.828125 0.367188 0.681641 0.310547 0.664062 0.257812 0.679688 0.189453 0.697266 0.169922 0.632812 0.230469 0.617188 0.224609 0.617188 0.183594
0 0.515625 0.164062 0.490234 0.179688 0.511719 0.246094 0.486328 0.201172 0.480469 0.451172 0.470703 0.203125 0.416016 0.162109 0.333984 0.177734 0.439453 0.214844 0.433594 0.261719 0.365234 0.228516 0.273438 0.367188 0.261719 0.298828 0.197266 0.277344 0.181641 0.230469 0.123047 0.279297 0.146484 0.330078 0.005859 0.361328 0.000000 0.404297 0.019531 0.425781 0.234375 0.425781 0.271484 0.408203 0.273438 0.380859 0.308594 0.408203 0.388672 0.417969 0.443359 0.500000 0.474609 0.500000 0.478516 0.460938 0.482422 0.511719 0.503906 0.498047 0.519531 0.519531
0 0.015625 0.171875 0.019531 0.197266 0.066406 0.201172 0.121094 0.197266 0.205078 0.207031 0.251953 0.193359 0.271484 0.179688 0.283203 0.164062 0.169922 0.154297 0.021484 0.156250
1 0.576172 0.656250 0.574219 0.669922 0.564453 0.685547 0.560547 0.701172 0.556641 0.707031 0.564453 0.710938 0.568359 0.714844 0.644531 0.714844 0.642578 0.707031 0.630859 0.697266 0.628906 0.689453 0.619141 0.673828 0.607422 0.671875 0.583984 0.656250
1 0.464844 0.609375 0.466797 0.656250 0.433594 0.689453 0.437500 0.705078 0.451172 0.708984 0.464844 0.716797 0.498047 0.714844 0.496094 0.707031 0.505859 0.699219 0.505859 0.695312 0.492188 0.681641 0.484375 0.669922 0.480469 0.650391 0.480469 0.630859 0.484375 0.615234 0.476562 0.609375
1 0.468750 0.517578 0.449219 0.501953 0.353516 0.513672 0.337891 0.505859 0.302734 0.511719 0.226562 0.507812 0.146484 0.523438 0.062500 0.527344 0.042969 0.542969 0.000000 0.548828 0.001953 0.554688 0.306641 0.562500 0.324219 0.548828 0.347656 0.544922 0.470703 0.550781
1 0.494141 0.500000 0.494141 0.501953 0.490234 0.507812 0.490234 0.517578 0.488281 0.519531 0.488281 0.525391 0.486328 0.527344 0.486328 0.531250 0.484375 0.533203 0.484375 0.544922 0.486328 0.546875 0.486328 0.550781 0.492188 0.550781 0.494141 0.548828 0.501953 0.548828 0.503906 0.550781 0.511719 0.550781 0.515625 0.546875 0.515625 0.544922 0.517578 0.542969 0.517578 0.535156 0.519531 0.533203 0.519531 0.531250 0.517578 0.529297 0.517578 0.525391 0.515625 0.523438 0.515625 0.519531 0.511719 0.513672 0.511719 0.509766 0.509766 0.507812 0.509766 0.505859 0.503906 0.500000
1 0.609375 0.511719 0.609375 0.537109 0.625000 0.564453 0.787109 0.572266 0.804688 0.564453 0.986328 0.570312 0.996094 0.564453 0.994141 0.546875 0.878906 0.527344 0.843750 0.511719 0.728516 0.503906 0.697266 0.494141 0.619141 0.492188
1 0.767578 0.148438 0.566406 0.156250 0.560547 0.533203 0.570312 0.552734 0.601562 0.554688 0.597656 0.503906 0.578125 0.498047 0.578125 0.464844 0.585938 0.445312 0.601562 0.457031 0.580078 0.302734 0.601562 0.238281 0.605469 0.183594 0.619141 0.183594 0.617188 0.216797 0.628906 0.228516 0.693359 0.162109
