0 0.287109 0.203125 0.273438 0.197266 0.181641 0.230469 0.175781 0.220703 0.199219 0.210938 0.208984 0.197266 0.179688 0.195312 0.103516 0.234375 0.093750 0.246094 0.099609 0.263672 0.062500 0.265625 0.001953 0.304688 0.001953 0.324219 0.033203 0.310547 0.060547 0.281250 0.085938 0.273438 0.101562 0.277344 0.060547 0.306641 0.191406 0.251953
0 0.568359 0.193359 0.568359 0.197266 0.566406 0.199219 0.566406 0.207031 0.564453 0.208984 0.562500 0.232422 0.560547 0.234375 0.560547 0.246094 0.554688 0.253906 0.552734 0.253906 0.541016 0.263672 0.539062 0.263672 0.544922 0.267578 0.548828 0.267578 0.564453 0.275391 0.566406 0.275391 0.566406 0.269531 0.568359 0.267578
0 0.832031 0.126953 0.837891 0.132812 0.841797 0.140625 0.861328 0.160156 0.861328 0.164062 0.859375 0.166016 0.859375 0.185547 0.861328 0.187500 0.863281 0.201172 0.875000 0.181641 0.876953 0.160156 0.886719 0.150391 0.882812 0.142578 0.882812 0.138672 0.876953 0.134766 0.873047 0.134766 0.857422 0.126953
0 0.685547 0.126953 0.701172 0.158203 0.685547 0.222656 0.687500 0.294922 0.677734 0.300781 0.654297 0.285156 0.634766 0.296875 0.636719 0.429688 0.712891 0.435547 0.722656 0.423828 0.746094 0.466797 0.839844 0.441406 0.839844 0.396484 0.863281 0.394531 0.841797 0.375000 0.843750 0.226562 0.826172 0.226562 0.816406 0.404297 0.808594 0.417969 0.759766 0.406250 0.738281 0.386719 0.728516 0.294922 0.738281 0.185547 0.771484 0.166016 0.755859 0.156250 0.718750 0.164062 0.714844 0.123047
0 0.761719 0.097656 0.763672 0.099609 0.763672 0.101562 0.767578 0.105469 0.767578 0.107422 0.771484 0.111328 0.771484 0.113281 0.773438 0.113281 0.775391 0.111328 0.787109 0.111328 0.789062 0.109375 0.806641 0.109375 0.808594 0.111328 0.820312 0.111328 0.820312 0.097656 0.806641 0.097656 0.804688 0.095703 0.787109 0.095703 0.785156 0.093750 0.783203 0.095703 0.771484 0.095703 0.769531 0.097656
0 0.568359 0.152344 0.562500 0.146484 0.552734 0.152344 0.548828 0.132812 0.513672 0.128906 0.451172 0.107422 0.429688 0.132812 0.412109 0.121094 0.421875 0.105469 0.421875 0.078125 0.398438 0.097656 0.402344 0.119141 0.392578 0.156250 0.400391 0.261719 0.382812 0.269531 0.375000 0.308594 0.404297 0.304688 0.410156 0.269531 0.441406 0.275391 0.453125 0.267578 0.482422 0.265625 0.466797 0.253906 0.464844 0.240234 0.486328 0.203125 0.488281 0.171875 0.501953 0.156250 0.521484 0.148438 0.546875 0.181641 0.556641 0.164062 0.568359 0.167969
0 0.472656 0.046875 0.470703 0.056641 0.474609 0.062500 0.474609 0.066406 0.488281 0.082031 0.558594 0.113281 0.568359 0.115234 0.568359 0.078125 0.539062 0.070312 0.531250 0.070312 0.515625 0.062500
0 0.996094 0.039062 0.945312 0.062500 0.855469 0.074219 0.830078 0.097656 0.867188 0.087891 0.873047 0.095703 0.900391 0.113281 0.882812 0.125000 0.908203 0.136719 0.937500 0.140625 0.957031 0.130859 0.992188 0.134766 0.996094 0.130859
0 0.421875 0.009766 0.394531 0.001953 0.363281 0.001953 0.355469 0.029297 0.359375 0.039062 0.367188 0.039062 0.365234 0.052734 0.257812 0.132812 0.271484 0.142578 0.339844 0.089844 0.367188 0.076172 0.388672 0.058594 0.396484 0.085938 0.412109 0.056641 0.425781 0.048828 0.427734 0.039062 0.419922 0.021484
1 0.748047 0.193359 0.765625 0.205078 0.794922 0.214844 0.802734 0.214844 0.814453 0.218750 0.820312 0.218750 0.841797 0.207031 0.861328 0.208984 0.849609 0.197266 0.835938 0.197266 0.828125 0.193359 0.824219 0.187500 0.804688 0.187500 0.802734 0.185547 0.802734 0.173828 0.791016 0.177734 0.769531 0.189453
1 0.568359 0.171875 0.556641 0.166016 0.546875 0.185547 0.523438 0.154297 0.505859 0.156250 0.492188 0.171875 0.490234 0.199219 0.468750 0.236328 0.468750 0.253906 0.482422 0.261719 0.484375 0.267578 0.535156 0.263672 0.556641 0.248047
1 0.281250 0.187500 0.269531 0.179688 0.251953 0.162109 0.250000 0.148438 0.224609 0.162109 0.175781 0.195312 0.179688 0.193359 0.207031 0.191406 0.208984 0.189453 0.218750 0.189453 0.228516 0.193359 0.248047 0.193359 0.250000 0.191406 0.281250 0.189453
1 0.996094 0.001953 0.824219 0.003906 0.736328 0.037109 0.734375 0.001953 0.611328 0.000000 0.640625 0.044922 0.636719 0.080078 0.589844 0.105469 0.593750 0.183594 0.623047 0.210938 0.607422 0.447266 0.500000 0.525391 0.501953 0.564453 0.646484 0.601562 0.865234 0.525391 0.828125 0.451172 0.742188 0.468750 0.724609 0.427734 0.636719 0.433594 0.628906 0.300781 0.658203 0.279297 0.685547 0.294922 0.687500 0.136719 0.656250 0.210938 0.636719 0.152344 0.716797 0.105469 0.750000 0.144531 0.763672 0.093750 0.855469 0.117188 0.867188 0.089844 0.828125 0.103516 0.835938 0.082031 0.998047 0.035156
2 0.601562 0.320312 0.576172 0.312500 0.566406 0.289062 0.539062 0.265625 0.498047 0.271484 0.472656 0.267578 0.453125 0.269531 0.445312 0.277344 0.429688 0.281250 0.412109 0.273438 0.406250 0.281250 0.404297 0.306641 0.384766 0.304688 0.363281 0.320312 0.326172 0.328125 0.326172 0.339844 0.589844 0.347656 0.599609 0.333984
2 0.386719 0.062500 0.378906 0.074219 0.365234 0.078125 0.337891 0.093750 0.271484 0.144531 0.261719 0.144531 0.255859 0.154297 0.257812 0.166016 0.277344 0.177734 0.291016 0.203125 0.390625 0.156250 0.400391 0.117188
2 0.423828 0.007812 0.429688 0.046875 0.410156 0.062500 0.398438 0.085938 0.402344 0.091797 0.423828 0.076172 0.423828 0.107422 0.414062 0.125000 0.429688 0.130859 0.445312 0.107422 0.453125 0.105469 0.515625 0.126953 0.544922 0.128906 0.552734 0.148438 0.568359 0.148438 0.554688 0.113281 0.488281 0.083984 0.468750 0.060547 0.466797 0.048828 0.476562 0.044922 0.572266 0.070312 0.572266 0.052734 0.541016 0.003906
