0 0.548828 0.710938 0.539062 0.707031 0.511719 0.707031 0.484375 0.710938 0.443359 0.724609 0.417969 0.740234 0.390625 0.794922 0.447266 0.765625 0.447266 0.748047 0.462891 0.726562 0.470703 0.724609 0.476562 0.730469 0.480469 0.746094 0.521484 0.732422
0 0.281250 0.558594 0.285156 0.599609 0.292969 0.619141 0.306641 0.623047 0.324219 0.603516 0.328125 0.607422 0.332031 0.626953 0.343750 0.634766 0.357422 0.638672 0.380859 0.623047 0.416016 0.609375 0.414062 0.601562 0.375000 0.603516 0.367188 0.589844 0.375000 0.576172 0.355469 0.560547 0.332031 0.552734 0.320312 0.541016 0.310547 0.541016
0 0.927734 0.501953 0.943359 0.533203 0.929688 0.558594 0.929688 0.568359 0.951172 0.578125 0.957031 0.578125 0.978516 0.587891 0.994141 0.591797 0.984375 0.568359 0.986328 0.537109 0.992188 0.525391 0.990234 0.498047 0.986328 0.494141 0.978516 0.494141 0.968750 0.498047 0.947266 0.498047
0 0.355469 0.419922 0.341797 0.437500 0.337891 0.462891 0.333984 0.466797 0.330078 0.466797 0.326172 0.470703 0.318359 0.472656 0.310547 0.478516 0.308594 0.496094 0.312500 0.500000 0.312500 0.503906 0.316406 0.509766 0.330078 0.507812 0.341797 0.498047 0.347656 0.490234 0.351562 0.455078 0.361328 0.443359 0.371094 0.441406 0.367188 0.427734
0 0.494141 0.386719 0.478516 0.396484 0.460938 0.402344 0.455078 0.419922 0.468750 0.462891 0.474609 0.496094 0.484375 0.498047 0.486328 0.494141 0.490234 0.500000 0.494141 0.521484 0.501953 0.521484 0.505859 0.498047 0.492188 0.464844 0.490234 0.453125 0.492188 0.443359 0.509766 0.427734 0.513672 0.414062 0.503906 0.392578
0 0.363281 0.341797 0.361328 0.343750 0.359375 0.365234 0.357422 0.367188 0.359375 0.371094 0.359375 0.388672 0.361328 0.390625 0.361328 0.398438 0.371094 0.417969 0.378906 0.427734 0.380859 0.425781 0.386719 0.425781 0.396484 0.421875 0.404297 0.414062 0.406250 0.398438 0.410156 0.390625 0.408203 0.357422 0.400391 0.353516 0.394531 0.353516 0.392578 0.351562 0.376953 0.347656 0.367188 0.341797
0 0.250000 0.271484 0.251953 0.287109 0.273438 0.294922 0.292969 0.320312 0.294922 0.351562 0.296875 0.355469 0.306641 0.357422 0.310547 0.361328 0.314453 0.382812 0.330078 0.384766 0.337891 0.373047 0.349609 0.369141 0.357422 0.341797 0.353516 0.332031 0.343750 0.322266 0.332031 0.302734 0.320312 0.291016 0.308594 0.285156 0.298828 0.269531 0.285156 0.257812 0.265625 0.261719
0 0.437500 0.185547 0.437500 0.222656 0.457031 0.201172 0.468750 0.208984 0.468750 0.259766 0.480469 0.271484 0.513672 0.279297 0.531250 0.271484 0.580078 0.287109 0.591797 0.310547 0.613281 0.316406 0.630859 0.292969 0.671875 0.328125 0.701172 0.324219 0.742188 0.337891 0.757812 0.314453 0.787109 0.369141 0.933594 0.412109 0.949219 0.396484 0.904297 0.343750 0.871094 0.324219 0.767578 0.296875 0.771484 0.250000 0.724609 0.261719 0.595703 0.240234 0.552734 0.244141 0.498047 0.222656 0.482422 0.187500 0.458984 0.167969
1 0.470703 0.726562 0.468750 0.728516 0.464844 0.728516 0.462891 0.730469 0.460938 0.730469 0.455078 0.736328 0.455078 0.738281 0.453125 0.740234 0.453125 0.746094 0.451172 0.748047 0.451172 0.751953 0.449219 0.753906 0.449219 0.759766 0.451172 0.761719 0.451172 0.765625 0.453125 0.765625 0.455078 0.763672 0.457031 0.763672 0.462891 0.759766 0.466797 0.759766 0.468750 0.757812 0.470703 0.757812 0.476562 0.751953 0.476562 0.746094 0.474609 0.744141 0.474609 0.738281 0.472656 0.736328 0.472656 0.730469 0.470703 0.728516
1 0.697266 0.566406 0.693359 0.568359 0.681641 0.568359 0.669922 0.574219 0.664062 0.574219 0.656250 0.582031 0.656250 0.593750 0.654297 0.595703 0.652344 0.613281 0.660156 0.619141 0.675781 0.621094 0.683594 0.628906 0.681641 0.646484 0.734375 0.623047 0.734375 0.603516 0.732422 0.601562 0.728516 0.580078 0.724609 0.580078 0.716797 0.574219 0.712891 0.574219 0.708984 0.570312
1 0.451172 0.410156 0.406250 0.416016 0.376953 0.429688 0.394531 0.480469 0.398438 0.554688 0.390625 0.568359 0.369141 0.585938 0.375000 0.601562 0.425781 0.601562 0.470703 0.589844 0.498047 0.574219 0.521484 0.537109 0.513672 0.515625 0.494141 0.525391 0.488281 0.501953 0.472656 0.498047
1 0.289062 0.212891 0.296875 0.263672 0.332031 0.296875 0.423828 0.259766 0.470703 0.285156 0.470703 0.300781 0.380859 0.291016 0.351562 0.306641 0.363281 0.335938 0.925781 0.560547 0.939453 0.537109 0.925781 0.501953 0.980469 0.490234 0.935547 0.449219 0.884766 0.449219 0.843750 0.410156 0.767578 0.394531 0.695312 0.347656 0.542969 0.326172 0.458984 0.261719 0.458984 0.203125 0.427734 0.246094 0.400391 0.255859 0.357422 0.220703
2 0.681641 0.628906 0.646484 0.619141 0.654297 0.589844 0.642578 0.556641 0.585938 0.552734 0.357422 0.640625 0.335938 0.634766 0.326172 0.609375 0.306641 0.625000 0.292969 0.621094 0.281250 0.597656 0.181641 0.648438 0.177734 0.685547 0.187500 0.716797 0.296875 0.832031 0.382812 0.792969 0.416016 0.740234 0.443359 0.722656 0.533203 0.697266 0.558594 0.708984 0.671875 0.652344
