0 0.335938 0.802734 0.333984 0.804688 0.333984 0.808594 0.332031 0.810547 0.332031 0.814453 0.330078 0.816406 0.330078 0.822266 0.337891 0.830078 0.337891 0.832031 0.343750 0.837891 0.343750 0.839844 0.345703 0.841797 0.345703 0.845703 0.347656 0.847656 0.349609 0.853516 0.359375 0.843750 0.359375 0.841797 0.361328 0.839844 0.361328 0.822266 0.359375 0.822266 0.357422 0.820312 0.355469 0.820312 0.351562 0.816406 0.345703 0.814453 0.337891 0.806641 0.337891 0.804688
0 0.089844 0.658203 0.080078 0.687500 0.074219 0.734375 0.074219 0.685547 0.068359 0.679688 0.058594 0.679688 0.046875 0.701172 0.044922 0.759766 0.054688 0.783203 0.062500 0.783203 0.074219 0.736328 0.082031 0.763672 0.091797 0.779297 0.105469 0.777344 0.111328 0.771484 0.103516 0.683594
0 0.025391 0.576172 0.025391 0.580078 0.027344 0.582031 0.027344 0.638672 0.033203 0.652344 0.033203 0.658203 0.037109 0.666016 0.037109 0.671875 0.039062 0.673828 0.042969 0.673828 0.048828 0.669922 0.048828 0.656250 0.050781 0.654297 0.050781 0.611328 0.048828 0.609375 0.048828 0.601562 0.044922 0.593750 0.031250 0.576172
0 0.242188 0.261719 0.236328 0.265625 0.234375 0.291016 0.232422 0.292969 0.232422 0.353516 0.234375 0.355469 0.236328 0.382812 0.248047 0.392578 0.251953 0.392578 0.263672 0.376953 0.263672 0.341797 0.257812 0.326172 0.257812 0.289062 0.255859 0.287109 0.255859 0.277344 0.246094 0.263672
0 0.814453 0.003906 0.833984 0.994141 0.994141 0.994141 0.976562 0.003906
1 0.621094 0.943359 0.638672 0.951172 0.652344 0.964844 0.746094 0.994141 0.818359 0.998047 0.820312 0.990234 0.814453 0.990234 0.777344 0.966797 0.736328 0.921875 0.728516 0.906250 0.726562 0.890625 0.718750 0.882812 0.708984 0.886719 0.701172 0.917969 0.681641 0.945312 0.667969 0.935547 0.662109 0.939453 0.628906 0.935547
1 0.105469 0.863281 0.087891 0.863281 0.062500 0.876953 0.044922 0.892578 0.044922 0.912109 0.035156 0.931641 0.037109 0.957031 0.091797 0.951172 0.107422 0.945312 0.130859 0.951172 0.132812 0.949219 0.138672 0.923828 0.119141 0.904297 0.107422 0.896484 0.107422 0.865234
1 0.287109 0.824219 0.287109 0.837891 0.285156 0.839844 0.285156 0.855469 0.287109 0.857422 0.287109 0.861328 0.289062 0.863281 0.289062 0.867188 0.292969 0.875000 0.292969 0.880859 0.294922 0.882812 0.294922 0.886719 0.294922 0.884766 0.298828 0.880859 0.300781 0.875000 0.304688 0.871094 0.308594 0.863281 0.308594 0.859375 0.310547 0.857422 0.310547 0.853516 0.312500 0.849609 0.310547 0.847656 0.310547 0.839844 0.308594 0.837891 0.308594 0.832031 0.304688 0.839844 0.300781 0.843750 0.300781 0.845703 0.296875 0.847656 0.291016 0.837891 0.291016 0.833984 0.287109 0.828125
1 0.109375 0.791016 0.105469 0.791016 0.103516 0.792969 0.101562 0.798828 0.095703 0.806641 0.095703 0.810547 0.093750 0.812500 0.093750 0.818359 0.089844 0.826172 0.089844 0.849609 0.095703 0.849609 0.097656 0.847656 0.101562 0.847656 0.105469 0.843750 0.107422 0.843750 0.117188 0.833984 0.130859 0.832031 0.138672 0.826172 0.123047 0.810547 0.123047 0.808594 0.119141 0.804688 0.115234 0.796875
1 0.212891 0.570312 0.187500 0.566406 0.146484 0.578125 0.128906 0.589844 0.123047 0.626953 0.126953 0.687500 0.072266 0.599609 0.056641 0.595703 0.056641 0.607422 0.138672 0.710938 0.138672 0.597656 0.214844 0.583984
1 0.500000 0.226562 0.501953 0.580078 0.513672 0.644531 0.517578 0.755859 0.519531 0.626953 0.537109 0.605469 0.515625 0.484375 0.509766 0.236328
