0 0.921875 0.175781 0.912109 0.183594 0.910156 0.191406 0.908203 0.193359 0.908203 0.197266 0.906250 0.199219 0.906250 0.203125 0.902344 0.207031 0.894531 0.207031 0.892578 0.205078 0.888672 0.205078 0.882812 0.195312 0.880859 0.185547 0.878906 0.185547 0.876953 0.187500 0.869141 0.189453 0.865234 0.193359 0.863281 0.197266 0.863281 0.210938 0.871094 0.214844 0.875000 0.214844 0.880859 0.218750 0.910156 0.218750 0.923828 0.201172 0.923828 0.195312 0.921875 0.193359
0 0.587891 0.099609 0.583984 0.099609 0.570312 0.107422 0.566406 0.107422 0.558594 0.111328 0.550781 0.126953 0.550781 0.148438 0.552734 0.150391 0.552734 0.160156 0.556641 0.160156 0.558594 0.158203 0.566406 0.158203 0.568359 0.156250 0.576172 0.156250 0.580078 0.150391 0.580078 0.146484 0.583984 0.140625 0.585938 0.130859 0.587891 0.128906 0.587891 0.115234 0.589844 0.113281
0 0.998047 0.101562 0.992188 0.097656 0.978516 0.097656 0.914062 0.121094 0.902344 0.132812 0.888672 0.140625 0.886719 0.154297 0.890625 0.156250 0.906250 0.156250 0.908203 0.158203 0.929688 0.156250 0.929688 0.144531 0.931641 0.136719 0.935547 0.132812 0.953125 0.128906 0.972656 0.121094 0.996094 0.119141
0 0.480469 0.039062 0.468750 0.046875 0.449219 0.070312 0.421875 0.089844 0.408203 0.111328 0.388672 0.132812 0.386719 0.146484 0.429688 0.123047 0.462891 0.095703 0.486328 0.072266 0.484375 0.068359 0.484375 0.046875
0 0.714844 0.003906 0.728516 0.013672 0.753906 0.025391 0.755859 0.046875 0.757812 0.048828 0.753906 0.070312 0.753906 0.095703 0.757812 0.107422 0.761719 0.082031 0.779297 0.062500 0.787109 0.048828 0.787109 0.013672 0.769531 0.003906
0 0.570312 0.001953 0.562500 0.001953 0.560547 0.003906 0.552734 0.003906 0.550781 0.005859 0.548828 0.005859 0.548828 0.025391 0.546875 0.027344 0.546875 0.044922 0.548828 0.044922 0.554688 0.050781 0.556641 0.050781 0.566406 0.058594 0.568359 0.056641 0.568359 0.046875 0.570312 0.044922 0.570312 0.037109 0.572266 0.035156 0.572266 0.027344 0.574219 0.025391 0.574219 0.015625 0.576172 0.013672 0.576172 0.005859 0.574219 0.005859
1 0.583984 0.162109 0.560547 0.162109 0.558594 0.160156 0.556641 0.162109 0.550781 0.162109 0.548828 0.164062 0.544922 0.164062 0.531250 0.171875 0.527344 0.171875 0.523438 0.175781 0.519531 0.175781 0.515625 0.179688 0.509766 0.193359 0.523438 0.193359 0.525391 0.191406 0.537109 0.191406 0.539062 0.189453 0.542969 0.189453 0.550781 0.185547 0.556641 0.185547 0.558594 0.183594 0.564453 0.183594 0.566406 0.181641 0.570312 0.181641 0.574219 0.179688 0.578125 0.169922
1 0.580078 0.156250 0.583984 0.158203 0.589844 0.158203 0.591797 0.160156 0.599609 0.160156 0.601562 0.162109 0.613281 0.162109 0.615234 0.164062 0.626953 0.164062 0.628906 0.166016 0.648438 0.166016 0.650391 0.167969 0.658203 0.167969 0.662109 0.162109 0.662109 0.158203 0.658203 0.150391 0.652344 0.154297 0.644531 0.152344 0.638672 0.148438 0.632812 0.148438 0.630859 0.150391 0.619141 0.152344 0.617188 0.150391 0.611328 0.150391 0.605469 0.146484 0.601562 0.146484 0.599609 0.144531 0.591797 0.144531 0.589844 0.142578 0.582031 0.150391
1 0.548828 0.095703 0.542969 0.091797 0.533203 0.089844 0.521484 0.083984 0.498047 0.087891 0.478516 0.109375 0.476562 0.109375 0.466797 0.117188 0.468750 0.117188 0.474609 0.123047 0.548828 0.123047
1 0.873047 0.003906 0.861328 0.103516 0.847656 0.132812 0.845703 0.207031 0.810547 0.238281 0.927734 0.242188 0.914062 0.218750 0.880859 0.220703 0.859375 0.207031 0.861328 0.193359 0.880859 0.181641 0.882812 0.132812 0.996094 0.091797 0.994141 0.060547 0.970703 0.083984 0.892578 0.107422 0.884766 0.005859
1 0.826172 0.007812 0.814453 0.003906 0.804688 0.009766 0.798828 0.082031 0.791016 0.083984 0.789062 0.056641 0.763672 0.085938 0.761719 0.117188 0.683594 0.146484 0.677734 0.160156 0.708984 0.158203 0.761719 0.142578 0.779297 0.130859 0.779297 0.179688 0.769531 0.191406 0.833984 0.197266 0.841797 0.103516 0.812500 0.080078 0.828125 0.066406
1 0.544922 0.011719 0.515625 0.007812 0.500000 0.001953 0.474609 0.005859 0.414062 0.066406 0.414062 0.080078 0.462891 0.037109 0.472656 0.035156 0.480469 0.037109 0.482422 0.041016 0.486328 0.011719 0.496094 0.021484 0.492188 0.039062 0.513672 0.025391 0.544922 0.029297
