0 0.306641 0.501953 0.304688 0.503906 0.304688 0.511719 0.300781 0.521484 0.296875 0.550781 0.294922 0.552734 0.292969 0.591797 0.294922 0.593750 0.298828 0.623047 0.308594 0.638672 0.310547 0.634766 0.310547 0.558594 0.308594 0.556641 0.308594 0.515625 0.306641 0.513672
0 0.234375 0.490234 0.244141 0.666016 0.248047 0.613281 0.248047 0.554688
0 0.179688 0.292969 0.169922 0.310547 0.175781 0.525391 0.183594 0.554688 0.203125 0.564453 0.199219 0.322266 0.214844 0.468750 0.214844 0.607422 0.230469 0.611328 0.210938 0.298828 0.199219 0.294922 0.197266 0.324219 0.195312 0.304688
0 0.277344 0.277344 0.273438 0.281250 0.275391 0.345703 0.285156 0.363281 0.291016 0.382812 0.300781 0.455078 0.304688 0.458984 0.300781 0.298828 0.292969 0.283203 0.277344 0.281250
0 0.228516 0.277344 0.232422 0.433594 0.234375 0.353516 0.238281 0.341797 0.248047 0.404297 0.248047 0.337891 0.242188 0.281250
0 0.386719 0.226562 0.371094 0.242188 0.371094 0.332031 0.382812 0.308594 0.402344 0.333984 0.417969 0.509766 0.404297 0.568359 0.437500 0.984375 0.406250 0.230469
0 0.664062 0.003906 0.730469 0.044922 0.708984 0.150391 0.664062 0.083984 0.628906 0.091797 0.654297 0.703125 0.679688 0.582031 0.708984 0.994141 0.763672 0.996094 0.771484 0.599609 0.876953 0.568359 0.976562 0.724609 0.851562 0.996094 0.916016 0.994141 0.998047 0.832031 0.996094 0.654297 0.841797 0.455078 0.810547 0.347656 0.898438 0.472656 0.900391 0.330078 0.998047 0.322266 0.998047 0.257812 0.773438 0.240234 0.757812 0.037109 0.824219 0.023438
1 0.830078 0.693359 0.826172 0.705078 0.828125 0.753906 0.826172 0.755859 0.826172 0.775391 0.824219 0.777344 0.826172 0.781250 0.826172 0.810547 0.830078 0.822266 0.837891 0.804688 0.835938 0.779297 0.847656 0.775391 0.849609 0.771484 0.849609 0.744141 0.841797 0.734375 0.833984 0.718750 0.833984 0.703125
1 0.671875 0.591797 0.662109 0.601562 0.654297 0.632812 0.669922 0.660156 0.669922 0.689453 0.654297 0.710938 0.652344 0.759766 0.666016 0.775391 0.669922 0.816406 0.654297 0.818359 0.646484 0.832031 0.652344 0.902344 0.669922 0.916016 0.673828 0.933594 0.656250 0.943359 0.652344 0.996094 0.701172 0.998047 0.710938 0.865234 0.693359 0.830078 0.687500 0.783203 0.693359 0.722656 0.703125 0.718750 0.707031 0.675781 0.685547 0.650391 0.681641 0.597656
1 0.279297 0.363281 0.294922 0.791016 0.304688 0.794922 0.324219 0.775391 0.310547 0.722656 0.308594 0.640625 0.296875 0.623047 0.291016 0.591797 0.304688 0.496094
1 0.238281 0.345703 0.234375 0.447266 0.236328 0.490234 0.250000 0.554688 0.250000 0.675781 0.257812 0.666016 0.255859 0.486328
1 0.384766 0.314453 0.373047 0.376953 0.388672 0.796875 0.406250 0.925781 0.398438 0.974609 0.417969 0.998047 0.437500 0.992188 0.423828 0.966797 0.400391 0.349609
