0 0.328125 0.750000 0.326172 0.761719 0.333984 0.966797 0.339844 0.960938 0.343750 0.912109 0.341797 0.882812 0.330078 0.820312
0 0.408203 0.505859 0.419922 0.994141 0.435547 0.998047 0.421875 0.570312
0 0.314453 0.337891 0.326172 0.705078 0.328125 0.484375 0.322266 0.378906
0 0.400391 0.308594 0.406250 0.494141 0.410156 0.390625 0.408203 0.345703 0.402344 0.330078
0 0.222656 0.255859 0.240234 0.783203 0.263672 0.785156 0.246094 0.386719
0 0.255859 0.238281 0.255859 0.302734 0.259766 0.302734 0.265625 0.306641 0.269531 0.306641 0.273438 0.310547 0.281250 0.324219 0.283203 0.324219 0.287109 0.316406 0.287109 0.287109 0.285156 0.285156 0.285156 0.275391 0.273438 0.251953 0.263672 0.240234 0.257812 0.240234
0 0.310547 0.222656 0.310547 0.265625 0.312500 0.267578 0.312500 0.273438 0.314453 0.275391 0.314453 0.279297 0.316406 0.283203 0.328125 0.283203 0.330078 0.281250 0.343750 0.281250 0.343750 0.277344 0.345703 0.275391 0.345703 0.242188 0.343750 0.240234 0.343750 0.236328 0.326172 0.224609 0.314453 0.224609
0 0.400391 0.179688 0.398438 0.255859 0.433594 0.277344 0.441406 0.310547 0.445312 0.486328 0.457031 0.531250 0.439453 0.197266
0 0.552734 0.125000 0.558594 0.412109 0.605469 0.476562 0.613281 0.808594 0.593750 0.925781 0.621094 0.990234 0.646484 0.996094 0.619141 0.187500
1 0.566406 0.425781 0.574219 0.982422 0.601562 0.998047 0.615234 0.984375 0.589844 0.917969 0.611328 0.794922 0.607422 0.517578 0.601562 0.474609
1 0.263672 0.312500 0.261719 0.478516 0.273438 0.535156 0.269531 0.630859 0.279297 0.705078 0.275391 0.847656 0.291016 0.853516 0.308594 0.826172 0.298828 0.730469 0.291016 0.388672 0.283203 0.330078
1 0.314453 0.287109 0.330078 0.484375 0.330078 0.789062 0.345703 0.912109 0.337891 0.968750 0.363281 0.970703 0.345703 0.283203
1 0.398438 0.263672 0.414062 0.335938 0.408203 0.503906 0.423828 0.570312 0.437500 0.994141 0.457031 0.996094 0.462891 0.929688 0.447266 0.826172 0.458984 0.669922 0.441406 0.333984 0.427734 0.275391
1 0.923828 0.017578 0.910156 0.257812 0.927734 0.884766 0.941406 0.994141 0.996094 0.992188 0.982422 0.876953 0.994141 0.863281 0.994141 0.101562 0.951172 0.023438
