0 0.498047 0.623047 0.500000 0.679688 0.501953 0.681641 0.501953 0.701172 0.515625 0.718750 0.521484 0.718750 0.554688 0.708984 0.541016 0.695312 0.539062 0.697266 0.525391 0.697266 0.517578 0.705078 0.515625 0.703125 0.509766 0.685547 0.509766 0.646484 0.505859 0.632812
0 0.109375 0.447266 0.109375 0.576172 0.113281 0.632812 0.119141 0.654297 0.123047 0.642578 0.123047 0.566406 0.117188 0.474609 0.113281 0.451172
0 0.257812 0.320312 0.244141 0.359375 0.248047 0.371094 0.234375 0.369141 0.230469 0.396484 0.236328 0.677734 0.265625 0.642578 0.255859 0.568359 0.255859 0.396484 0.326172 0.484375 0.333984 0.445312 0.330078 0.412109 0.265625 0.347656
0 0.478516 0.146484 0.472656 0.123047 0.357422 0.125000 0.355469 0.130859 0.355469 0.138672 0.359375 0.136719 0.373047 0.136719 0.375000 0.134766 0.421875 0.134766 0.423828 0.136719 0.451172 0.140625 0.470703 0.160156
0 0.025391 0.082031 0.000000 0.083984 0.000000 0.996094 0.076172 0.994141 0.013672 0.158203
0 0.750000 0.005859 0.734375 0.042969 0.640625 0.046875 0.630859 0.066406 0.644531 0.091797 0.636719 0.904297 0.595703 0.902344 0.585938 0.927734 0.636719 0.998047 0.785156 0.996094 0.757812 0.964844 0.769531 0.945312 0.748047 0.910156 0.771484 0.050781 0.751953 0.042969
1 0.125000 0.867188 0.130859 0.882812 0.177734 0.882812 0.187500 0.869141 0.265625 0.871094 0.345703 0.880859 0.367188 0.873047 0.382812 0.830078 0.378906 0.822266 0.332031 0.832031 0.312500 0.820312 0.287109 0.820312 0.251953 0.853516 0.232422 0.847656 0.191406 0.853516 0.167969 0.845703 0.152344 0.855469 0.138672 0.837891 0.130859 0.810547
1 0.630859 0.812500 0.625000 0.808594 0.619141 0.863281 0.615234 0.873047 0.583984 0.875000 0.570312 0.867188 0.552734 0.865234 0.537109 0.878906 0.550781 0.886719 0.580078 0.892578 0.632812 0.894531
1 0.578125 0.708984 0.580078 0.710938 0.580078 0.712891 0.582031 0.714844 0.583984 0.714844 0.589844 0.720703 0.591797 0.720703 0.595703 0.724609 0.597656 0.724609 0.603516 0.730469 0.603516 0.732422 0.607422 0.736328 0.607422 0.732422 0.609375 0.730469 0.609375 0.726562 0.611328 0.724609 0.611328 0.722656 0.613281 0.720703 0.613281 0.716797 0.611328 0.714844 0.609375 0.714844 0.607422 0.712891 0.607422 0.710938 0.605469 0.710938 0.603516 0.708984 0.599609 0.708984 0.597656 0.707031 0.589844 0.707031 0.587891 0.708984
1 0.417969 0.527344 0.408203 0.548828 0.375000 0.580078 0.382812 0.593750 0.398438 0.580078 0.408203 0.556641 0.417969 0.558594 0.419922 0.562500 0.408203 0.587891 0.416016 0.601562 0.427734 0.607422 0.425781 0.529297
1 0.396484 0.460938 0.392578 0.464844 0.390625 0.464844 0.388672 0.466797 0.382812 0.468750 0.382812 0.470703 0.373047 0.480469 0.371094 0.486328 0.367188 0.490234 0.367188 0.492188 0.363281 0.496094 0.363281 0.498047 0.361328 0.500000 0.361328 0.515625 0.367188 0.509766 0.367188 0.507812 0.384766 0.490234 0.384766 0.488281 0.396484 0.474609
1 0.140625 0.138672 0.140625 0.167969 0.150391 0.152344 0.167969 0.140625 0.248047 0.144531 0.257812 0.191406 0.257812 0.164062 0.261719 0.140625 0.195312 0.134766 0.150391 0.134766
1 0.501953 0.152344 0.519531 0.185547 0.521484 0.136719 0.539062 0.134766 0.583984 0.136719 0.621094 0.142578 0.628906 0.138672 0.634766 0.123047 0.542969 0.121094 0.503906 0.125000
