0 0.138672 0.855469 0.044922 0.947266 0.035156 0.953125 0.019531 0.945312 0.005859 0.960938 0.005859 0.978516 0.001953 0.984375 0.005859 0.998047 0.021484 0.998047 0.064453 0.953125 0.101562 0.906250 0.109375 0.902344 0.117188 0.904297 0.150391 0.882812
0 0.167969 0.691406 0.167969 0.699219 0.166016 0.701172 0.166016 0.722656 0.164062 0.724609 0.164062 0.763672 0.166016 0.765625 0.166016 0.775391 0.167969 0.777344 0.169922 0.791016 0.169922 0.789062 0.189453 0.771484 0.189453 0.765625 0.191406 0.763672 0.191406 0.748047 0.189453 0.746094 0.189453 0.728516 0.187500 0.726562 0.187500 0.720703 0.185547 0.718750 0.179688 0.718750 0.169922 0.707031
0 0.167969 0.634766 0.167969 0.656250 0.169922 0.658203 0.169922 0.677734 0.171875 0.679688 0.171875 0.685547 0.173828 0.687500 0.173828 0.695312 0.175781 0.697266 0.175781 0.703125 0.177734 0.703125 0.179688 0.701172 0.183594 0.701172 0.185547 0.699219 0.185547 0.693359 0.187500 0.691406 0.187500 0.683594 0.189453 0.681641 0.189453 0.667969 0.191406 0.666016 0.191406 0.656250 0.181641 0.644531 0.179688 0.644531 0.171875 0.636719 0.169922 0.636719
0 0.031250 0.554688 0.029297 0.814453 0.035156 0.869141 0.041016 0.871094 0.041016 0.552734
0 0.171875 0.527344 0.167969 0.531250 0.167969 0.550781 0.166016 0.552734 0.166016 0.568359 0.167969 0.570312 0.167969 0.574219 0.169922 0.576172 0.171875 0.583984 0.175781 0.583984 0.181641 0.589844 0.189453 0.609375 0.195312 0.603516 0.195312 0.597656 0.193359 0.595703 0.193359 0.578125 0.191406 0.576172 0.191406 0.533203 0.187500 0.533203 0.179688 0.529297 0.173828 0.529297
0 0.492188 0.386719 0.482422 0.396484 0.500000 0.425781 0.517578 0.441406 0.531250 0.470703 0.513672 0.515625 0.515625 0.525391 0.531250 0.517578 0.542969 0.505859 0.548828 0.482422 0.535156 0.455078 0.513672 0.425781
0 0.359375 0.265625 0.359375 0.300781 0.357422 0.302734 0.357422 0.306641 0.359375 0.308594 0.359375 0.314453 0.361328 0.316406 0.361328 0.320312 0.363281 0.322266 0.363281 0.326172 0.363281 0.324219 0.365234 0.322266 0.365234 0.318359 0.367188 0.316406 0.367188 0.271484 0.365234 0.271484
0 0.763672 0.011719 0.732422 0.097656 0.552734 0.107422 0.542969 0.183594 0.570312 0.226562 0.580078 0.996094 0.810547 0.996094 0.818359 0.109375 0.775391 0.103516
1 0.498047 0.318359 0.496094 0.320312 0.496094 0.324219 0.492188 0.330078 0.492188 0.359375 0.494141 0.361328 0.494141 0.367188 0.494141 0.365234 0.498047 0.361328 0.498047 0.359375 0.501953 0.353516 0.501953 0.349609 0.503906 0.347656 0.503906 0.343750 0.505859 0.341797 0.505859 0.337891 0.507812 0.335938 0.507812 0.332031 0.505859 0.330078 0.505859 0.326172 0.503906 0.324219 0.503906 0.322266
1 0.408203 0.312500 0.406250 0.314453 0.406250 0.324219 0.408203 0.326172 0.408203 0.341797 0.406250 0.343750 0.406250 0.349609 0.404297 0.351562 0.404297 0.375000 0.410156 0.369141 0.410156 0.365234 0.412109 0.363281 0.412109 0.359375 0.414062 0.357422 0.414062 0.353516 0.416016 0.351562 0.416016 0.345703 0.417969 0.343750 0.417969 0.335938 0.419922 0.333984 0.417969 0.332031 0.417969 0.328125 0.416016 0.326172 0.416016 0.320312
1 0.548828 0.232422 0.505859 0.210938 0.404297 0.226562 0.333984 0.218750 0.318359 0.234375 0.001953 0.232422 0.001953 0.248047 0.169922 0.251953 0.197266 0.265625 0.222656 0.248047 0.232422 0.316406 0.234375 0.294922 0.246094 0.298828 0.246094 0.250000 0.291016 0.246094 0.328125 0.371094 0.330078 0.248047 0.423828 0.259766 0.498047 0.251953 0.513672 0.261719
