0 0.183594 0.439453 0.199219 0.439453 0.201172 0.441406 0.212891 0.441406 0.214844 0.443359 0.224609 0.443359 0.226562 0.445312 0.232422 0.445312 0.234375 0.443359 0.238281 0.443359 0.240234 0.441406 0.242188 0.441406 0.242188 0.439453 0.240234 0.437500 0.238281 0.437500 0.236328 0.435547 0.232422 0.435547 0.230469 0.433594 0.228516 0.433594 0.224609 0.429688 0.220703 0.429688 0.218750 0.427734 0.216797 0.427734 0.212891 0.423828 0.207031 0.423828 0.205078 0.425781 0.203125 0.425781 0.199219 0.429688 0.197266 0.429688 0.193359 0.433594 0.187500 0.435547
0 0.105469 0.345703 0.105469 0.349609 0.107422 0.351562 0.107422 0.369141 0.109375 0.371094 0.109375 0.388672 0.111328 0.390625 0.113281 0.404297 0.123047 0.402344 0.128906 0.398438 0.136719 0.398438 0.148438 0.392578 0.154297 0.392578 0.173828 0.375000 0.173828 0.373047 0.167969 0.369141 0.164062 0.369141 0.156250 0.363281 0.150391 0.363281 0.142578 0.369141 0.136719 0.369141 0.130859 0.373047 0.126953 0.367188 0.126953 0.363281 0.121094 0.355469 0.119141 0.347656
0 0.925781 0.298828 0.927734 0.300781 0.927734 0.302734 0.931641 0.306641 0.931641 0.308594 0.935547 0.312500 0.935547 0.314453 0.945312 0.324219 0.945312 0.326172 0.951172 0.332031 0.955078 0.332031 0.955078 0.328125 0.958984 0.322266 0.958984 0.318359 0.957031 0.316406 0.957031 0.314453 0.955078 0.312500 0.955078 0.310547 0.951172 0.306641 0.951172 0.304688 0.949219 0.302734 0.949219 0.298828
0 0.937500 0.238281 0.937500 0.255859 0.939453 0.255859 0.941406 0.257812 0.941406 0.261719 0.943359 0.263672 0.943359 0.265625 0.945312 0.267578 0.951172 0.267578 0.953125 0.269531 0.957031 0.269531 0.958984 0.267578 0.958984 0.265625 0.962891 0.261719 0.960938 0.259766 0.960938 0.257812 0.958984 0.255859 0.958984 0.253906 0.957031 0.251953 0.957031 0.250000 0.955078 0.248047 0.955078 0.246094 0.951172 0.242188 0.951172 0.240234 0.949219 0.238281
0 0.910156 0.226562 0.910156 0.242188 0.912109 0.242188 0.917969 0.246094 0.916016 0.248047 0.914062 0.248047 0.912109 0.250000 0.908203 0.250000 0.902344 0.253906 0.904297 0.255859 0.906250 0.261719 0.910156 0.265625 0.910156 0.267578 0.917969 0.267578 0.919922 0.269531 0.925781 0.271484 0.925781 0.269531 0.927734 0.267578 0.929688 0.267578 0.929688 0.253906 0.927734 0.251953 0.927734 0.246094 0.923828 0.242188 0.923828 0.238281 0.921875 0.238281 0.917969 0.234375 0.917969 0.232422 0.916016 0.232422 0.912109 0.228516 0.912109 0.226562
0 0.283203 0.197266 0.287109 0.216797 0.310547 0.226562 0.306641 0.240234 0.335938 0.253906 0.326172 0.259766 0.414062 0.289062 0.404297 0.273438 0.457031 0.285156 0.517578 0.312500 0.527344 0.308594 0.509766 0.296875 0.529297 0.285156 0.542969 0.296875 0.544922 0.285156
0 0.925781 0.162109 0.923828 0.164062 0.923828 0.169922 0.921875 0.171875 0.921875 0.195312 0.919922 0.197266 0.919922 0.210938 0.925781 0.216797 0.925781 0.218750 0.929688 0.224609 0.945312 0.224609 0.943359 0.222656 0.943359 0.218750 0.941406 0.216797 0.941406 0.210938 0.939453 0.208984 0.939453 0.205078 0.937500 0.203125 0.937500 0.201172 0.935547 0.199219 0.935547 0.195312 0.933594 0.193359 0.933594 0.187500 0.931641 0.185547 0.931641 0.181641 0.929688 0.179688 0.929688 0.175781 0.927734 0.173828 0.927734 0.167969 0.925781 0.166016
0 0.177734 0.162109 0.191406 0.177734 0.199219 0.177734 0.201172 0.175781 0.205078 0.179688 0.210938 0.197266 0.214844 0.203125 0.216797 0.212891 0.228516 0.197266 0.232422 0.195312 0.253906 0.214844 0.259766 0.203125 0.267578 0.193359 0.267578 0.191406 0.261719 0.191406 0.251953 0.185547 0.244141 0.185547 0.238281 0.181641 0.226562 0.179688 0.214844 0.173828 0.207031 0.173828 0.201172 0.169922 0.189453 0.167969
0 0.863281 0.138672 0.863281 0.146484 0.865234 0.148438 0.865234 0.156250 0.863281 0.158203 0.863281 0.160156 0.861328 0.162109 0.859375 0.162109 0.859375 0.164062 0.861328 0.164062 0.869141 0.171875 0.871094 0.171875 0.875000 0.175781 0.878906 0.175781 0.880859 0.177734 0.890625 0.177734 0.892578 0.179688 0.894531 0.179688 0.892578 0.177734 0.892578 0.167969 0.890625 0.166016 0.890625 0.162109 0.888672 0.160156 0.888672 0.154297 0.886719 0.152344 0.884766 0.152344 0.882812 0.150391 0.878906 0.150391 0.876953 0.148438 0.876953 0.144531 0.878906 0.142578 0.875000 0.142578 0.873047 0.140625 0.867188 0.140625 0.865234 0.138672
0 0.070312 0.125000 0.070312 0.132812 0.068359 0.136719 0.076172 0.142578 0.082031 0.142578 0.085938 0.146484 0.113281 0.146484 0.115234 0.148438 0.119141 0.148438 0.125000 0.154297 0.128906 0.154297 0.132812 0.158203 0.142578 0.162109 0.146484 0.166016 0.150391 0.166016 0.156250 0.160156 0.158203 0.160156 0.156250 0.156250 0.150391 0.156250 0.140625 0.150391 0.134766 0.150391 0.125000 0.144531 0.119141 0.144531 0.109375 0.138672 0.103516 0.138672 0.095703 0.132812 0.087891 0.132812 0.080078 0.126953
0 0.824219 0.025391 0.779297 0.037109 0.769531 0.042969 0.761719 0.035156 0.759766 0.041016 0.759766 0.058594 0.769531 0.054688 0.775391 0.058594 0.794922 0.095703 0.791016 0.117188 0.796875 0.134766 0.806641 0.142578 0.810547 0.136719 0.808594 0.111328 0.814453 0.101562 0.839844 0.099609 0.845703 0.105469 0.853516 0.099609 0.855469 0.093750 0.855469 0.072266 0.845703 0.048828 0.826172 0.039062
0 0.869141 0.003906 0.855469 0.013672 0.863281 0.023438 0.859375 0.044922 0.863281 0.048828 0.876953 0.091797 0.892578 0.093750 0.898438 0.097656 0.912109 0.136719 0.933594 0.103516 0.931641 0.072266 0.900391 0.027344 0.902344 0.003906
1 0.173828 0.449219 0.166016 0.437500 0.148438 0.435547 0.144531 0.406250 0.128906 0.400391 0.111328 0.410156 0.107422 0.390625 0.093750 0.388672 0.083984 0.375000 0.068359 0.406250 0.072266 0.435547 0.019531 0.451172 0.023438 0.464844 0.011719 0.472656 0.011719 0.498047 0.074219 0.501953 0.146484 0.496094 0.140625 0.470703 0.132812 0.458984 0.140625 0.453125
1 0.720703 0.132812 0.707031 0.142578 0.679688 0.128906 0.675781 0.191406 0.656250 0.167969 0.640625 0.177734 0.619141 0.302734 0.310547 0.369141 0.310547 0.410156 0.363281 0.416016 0.306641 0.437500 0.306641 0.488281 0.814453 0.480469 0.810547 0.369141 0.748047 0.355469 0.744141 0.324219 0.664062 0.291016 0.732422 0.312500 0.726562 0.185547 0.707031 0.160156
1 0.714844 0.066406 0.701172 0.060547 0.697266 0.068359 0.689453 0.072266 0.681641 0.072266 0.671875 0.078125 0.669922 0.082031 0.666016 0.083984 0.658203 0.099609 0.671875 0.099609 0.673828 0.101562 0.671875 0.105469 0.671875 0.117188 0.669922 0.121094 0.681641 0.111328 0.683594 0.111328 0.689453 0.123047 0.714844 0.103516
1 0.599609 0.001953 0.578125 0.005859 0.576172 0.093750 0.566406 0.078125 0.554688 0.123047 0.539062 0.142578 0.544922 0.257812 0.541016 0.281250 0.554688 0.291016 0.560547 0.279297 0.570312 0.287109 0.570312 0.279297 0.574219 0.283203 0.583984 0.279297 0.591797 0.291016 0.603516 0.279297 0.615234 0.283203 0.621094 0.066406 0.611328 0.041016 0.615234 0.013672
1 0.722656 0.000000 0.697266 0.000000 0.695312 0.017578 0.691406 0.021484 0.673828 0.015625 0.667969 0.000000 0.625000 0.000000 0.625000 0.041016 0.630859 0.048828 0.630859 0.066406 0.636719 0.072266 0.636719 0.128906 0.630859 0.132812 0.630859 0.148438 0.658203 0.156250 0.660156 0.138672 0.650391 0.125000 0.654297 0.103516 0.646484 0.091797 0.660156 0.082031 0.662109 0.048828 0.677734 0.046875 0.693359 0.035156
