0 0.832031 0.951172 0.833984 0.972656 0.843750 0.998047 0.974609 0.998047 0.988281 0.966797 0.998047 0.964844 0.996094 0.953125 0.978516 0.955078 0.964844 0.986328 0.949219 0.984375 0.943359 0.980469 0.935547 0.958984 0.908203 0.957031 0.896484 0.925781
0 0.849609 0.904297 0.867188 0.904297 0.869141 0.902344 0.888672 0.902344 0.898438 0.892578 0.898438 0.890625 0.904297 0.884766 0.904297 0.882812 0.906250 0.880859 0.908203 0.880859 0.908203 0.878906 0.886719 0.878906 0.884766 0.876953 0.865234 0.876953 0.863281 0.878906 0.863281 0.880859 0.859375 0.884766 0.859375 0.886719 0.855469 0.890625 0.855469 0.892578 0.853516 0.894531
0 0.685547 0.714844 0.685547 0.716797 0.681641 0.720703 0.681641 0.722656 0.679688 0.724609 0.679688 0.730469 0.681641 0.732422 0.681641 0.755859 0.683594 0.757812 0.683594 0.763672 0.685547 0.763672 0.687500 0.761719 0.691406 0.761719 0.693359 0.763672 0.693359 0.767578 0.695312 0.769531 0.695312 0.777344 0.701172 0.777344 0.701172 0.769531 0.699219 0.767578 0.699219 0.738281 0.697266 0.736328 0.693359 0.726562 0.685547 0.716797
0 0.720703 0.710938 0.720703 0.728516 0.736328 0.730469 0.736328 0.748047 0.748047 0.769531 0.726562 0.789062 0.728516 0.908203 0.738281 0.933594 0.748047 0.925781 0.773438 0.986328 0.757812 0.937500 0.765625 0.931641 0.783203 0.937500 0.794922 0.966797 0.798828 0.919922 0.824219 0.892578 0.800781 0.867188 0.794922 0.875000 0.785156 0.869141 0.785156 0.828125 0.810547 0.802734 0.783203 0.773438 0.787109 0.814453 0.765625 0.806641 0.748047 0.773438 0.750000 0.710938
0 0.972656 0.595703 0.972656 0.603516 0.970703 0.605469 0.968750 0.623047 0.966797 0.625000 0.964844 0.648438 0.962891 0.650391 0.960938 0.675781 0.958984 0.679688 0.964844 0.683594 0.970703 0.683594 0.980469 0.689453 0.986328 0.689453 0.994141 0.695312 0.998047 0.695312 0.996094 0.599609 0.992188 0.597656 0.984375 0.597656 0.982422 0.595703
0 0.324219 0.455078 0.335938 0.476562 0.330078 0.482422 0.326172 0.482422 0.320312 0.488281 0.318359 0.488281 0.312500 0.494141 0.310547 0.494141 0.306641 0.500000 0.306641 0.505859 0.308594 0.507812 0.312500 0.507812 0.320312 0.511719 0.326172 0.503906 0.326172 0.500000 0.330078 0.498047 0.330078 0.496094 0.339844 0.486328 0.341797 0.486328 0.347656 0.480469 0.349609 0.480469 0.355469 0.474609 0.357422 0.474609 0.343750 0.464844 0.339844 0.464844 0.335938 0.460938 0.332031 0.458984 0.328125 0.458984
0 0.433594 0.476562 0.435547 0.486328 0.445312 0.484375 0.464844 0.494141 0.482422 0.480469 0.529297 0.468750 0.564453 0.468750 0.587891 0.480469 0.589844 0.464844 0.615234 0.466797 0.646484 0.480469 0.658203 0.470703 0.619141 0.457031 0.623047 0.431641 0.615234 0.447266 0.599609 0.451172 0.597656 0.460938 0.591797 0.458984 0.591797 0.451172 0.556641 0.458984 0.541016 0.431641 0.541016 0.421875 0.550781 0.410156 0.542969 0.373047 0.531250 0.373047 0.525391 0.423828 0.529297 0.453125 0.500000 0.462891 0.476562 0.443359 0.439453 0.464844
0 0.949219 0.000000 0.902344 0.000000 0.888672 0.119141 0.884766 0.367188 0.896484 0.496094 0.884766 0.582031 0.912109 0.601562 0.902344 0.644531 0.921875 0.652344 0.925781 0.595703 0.966797 0.605469 0.943359 0.570312 0.974609 0.541016 0.988281 0.361328 0.970703 0.443359 0.931641 0.470703
1 0.714844 0.863281 0.710938 0.894531 0.748047 0.998047 0.802734 0.998047 0.779297 0.941406 0.761719 0.937500 0.777344 0.990234 0.775391 0.994141 0.771484 0.992188 0.746094 0.927734 0.740234 0.941406 0.726562 0.910156 0.724609 0.876953
1 0.990234 0.857422 0.937500 0.875000 0.914062 0.878906 0.906250 0.884766 0.892578 0.904297 0.910156 0.957031 0.935547 0.957031 0.941406 0.964844 0.945312 0.980469 0.960938 0.984375 0.978516 0.951172 0.996094 0.951172 0.998047 0.869141
1 0.958984 0.697266 0.900391 0.650391 0.904297 0.601562 0.878906 0.583984 0.886719 0.472656 0.839844 0.621094 0.779297 0.585938 0.794922 0.523438 0.736328 0.455078 0.652344 0.482422 0.529297 0.470703 0.464844 0.496094 0.412109 0.480469 0.382812 0.498047 0.355469 0.478516 0.320312 0.513672 0.183594 0.519531 0.158203 0.542969 0.146484 0.525391 0.087891 0.542969 0.091797 0.521484 0.072266 0.548828 0.039062 0.542969 0.037109 0.564453 0.025391 0.548828 0.025391 0.582031 0.000000 0.583984 0.000000 0.716797 0.947266 0.718750
