0 0.998047 0.539062 0.910156 0.548828 0.884766 0.562500 0.859375 0.548828 0.847656 0.560547 0.847656 0.591797 0.861328 0.599609 0.873047 0.617188 0.906250 0.617188 0.910156 0.628906 0.998047 0.619141
0 0.714844 0.371094 0.708984 0.419922 0.716797 0.603516 0.720703 0.619141 0.730469 0.619141 0.728516 0.595703 0.748047 0.583984 0.724609 0.542969 0.742188 0.486328 0.738281 0.449219 0.740234 0.375000
0 0.824219 0.353516 0.771484 0.375000 0.757812 0.373047 0.757812 0.392578 0.789062 0.400391 0.789062 0.474609 0.824219 0.507812 0.824219 0.558594 0.833984 0.578125
0 0.998047 0.322266 0.996094 0.322266 0.994141 0.324219 0.992188 0.324219 0.986328 0.328125 0.980469 0.328125 0.978516 0.330078 0.976562 0.330078 0.974609 0.332031 0.972656 0.332031 0.970703 0.333984 0.968750 0.333984 0.972656 0.337891 0.972656 0.339844 0.974609 0.341797 0.974609 0.343750 0.982422 0.351562 0.982422 0.353516 0.984375 0.355469 0.986328 0.355469 0.990234 0.359375 0.990234 0.361328 0.990234 0.357422 0.988281 0.355469 0.988281 0.347656 0.994141 0.343750 0.998047 0.343750
0 0.998047 0.187500 0.740234 0.310547 0.710938 0.300781 0.687500 0.332031 0.675781 0.333984 0.667969 0.318359 0.634766 0.333984 0.628906 0.343750 0.638672 0.373047 0.677734 0.398438 0.685547 0.332031 0.736328 0.337891 0.998047 0.226562
0 0.000000 0.101562 0.000000 0.675781 0.525391 0.648438 0.537109 0.636719 0.521484 0.626953 0.568359 0.623047 0.548828 0.595703 0.501953 0.617188 0.488281 0.595703 0.517578 0.529297 0.544922 0.533203 0.566406 0.498047 0.523438 0.326172 0.458984 0.203125 0.326172 0.156250 0.257812 0.162109 0.253906 0.140625 0.171875 0.130859 0.164062 0.144531 0.107422 0.119141 0.085938 0.130859 0.039062 0.091797
1 0.781250 0.488281 0.771484 0.496094 0.765625 0.517578 0.773438 0.576172 0.806641 0.603516 0.808594 0.617188 0.736328 0.619141 0.736328 0.632812 0.775391 0.636719 0.777344 0.658203 0.798828 0.660156 0.835938 0.697266 0.847656 0.724609 0.919922 0.718750 0.914062 0.666016 0.892578 0.652344 0.912109 0.648438 0.910156 0.634766 0.873047 0.621094 0.851562 0.595703 0.833984 0.617188 0.835938 0.589844 0.822266 0.582031 0.822266 0.562500 0.810547 0.535156 0.791016 0.535156 0.791016 0.507812
1 0.644531 0.388672 0.636719 0.466797 0.654297 0.560547 0.640625 0.572266 0.634766 0.609375 0.623047 0.519531 0.607422 0.531250 0.583984 0.500000 0.568359 0.501953 0.544922 0.535156 0.519531 0.529297 0.517578 0.560547 0.496094 0.572266 0.500000 0.615234 0.548828 0.593750 0.570312 0.621094 0.521484 0.628906 0.539062 0.636719 0.525391 0.654297 0.550781 0.660156 0.527344 0.673828 0.525391 0.705078 0.681641 0.751953 0.777344 0.730469 0.777344 0.687500 0.732422 0.681641 0.730469 0.667969 0.675781 0.640625 0.691406 0.595703 0.681641 0.412109 0.673828 0.396484
1 0.998047 0.230469 0.742188 0.339844 0.720703 0.341797 0.716797 0.371094 0.742188 0.373047 0.781250 0.347656 0.794922 0.355469 0.822266 0.343750 0.822266 0.337891 0.900391 0.308594 0.925781 0.312500 0.996094 0.285156
1 0.998047 0.001953 0.775391 0.001953 0.732422 0.029297 0.742188 0.035156 0.738281 0.048828 0.720703 0.060547 0.716797 0.044922 0.671875 0.095703 0.666016 0.078125 0.654297 0.087891 0.615234 0.072266 0.634766 0.046875 0.628906 0.039062 0.595703 0.072266 0.525391 0.054688 0.525391 0.076172 0.638672 0.103516 0.634766 0.132812 0.656250 0.130859 0.664062 0.269531 0.992188 0.076172
1 0.000000 0.000000 0.000000 0.099609 0.021484 0.105469 0.039062 0.089844 0.054688 0.111328 0.078125 0.107422 0.085938 0.128906 0.121094 0.113281 0.164062 0.142578 0.171875 0.128906 0.253906 0.136719 0.257812 0.160156 0.289062 0.146484 0.300781 0.162109 0.349609 0.160156 0.410156 0.193359 0.417969 0.179688 0.443359 0.205078 0.498047 0.207031 0.505859 0.246094 0.546875 0.259766 0.541016 0.291016 0.560547 0.285156 0.564453 0.322266 0.591797 0.316406 0.613281 0.271484 0.609375 0.150391 0.507812 0.078125 0.509766 0.048828 0.371094 0.000000
