0 0.029297 0.779297 0.035156 0.779297 0.044922 0.785156 0.050781 0.785156 0.060547 0.791016 0.066406 0.791016 0.076172 0.796875 0.080078 0.796875 0.087891 0.792969 0.093750 0.792969 0.095703 0.791016 0.107422 0.791016 0.117188 0.787109 0.119141 0.785156 0.119141 0.775391 0.121094 0.773438 0.080078 0.775391 0.070312 0.769531 0.068359 0.765625 0.060547 0.759766 0.060547 0.757812 0.041016 0.757812 0.037109 0.763672 0.035156 0.771484
0 0.490234 0.707031 0.490234 0.712891 0.492188 0.714844 0.492188 0.718750 0.494141 0.720703 0.498047 0.736328 0.501953 0.736328 0.505859 0.742188 0.523438 0.742188 0.525391 0.740234 0.529297 0.740234 0.537109 0.736328 0.544922 0.730469 0.548828 0.730469 0.554688 0.724609 0.556641 0.724609 0.556641 0.720703 0.560547 0.712891 0.560547 0.710938 0.556641 0.708984 0.550781 0.708984 0.541016 0.703125 0.529297 0.703125 0.521484 0.699219 0.500000 0.699219
0 0.000000 0.667969 0.000000 0.695312 0.082031 0.703125 0.076172 0.705078 0.068359 0.720703 0.039062 0.716797 0.035156 0.740234 0.128906 0.751953 0.134766 0.738281 0.148438 0.738281 0.123047 0.722656 0.095703 0.722656 0.083984 0.705078 0.117188 0.707031 0.121094 0.679688
0 0.283203 0.648438 0.281250 0.648438 0.281250 0.650391 0.277344 0.656250 0.277344 0.660156 0.275391 0.662109 0.275391 0.666016 0.273438 0.667969 0.273438 0.669922 0.269531 0.675781 0.269531 0.689453 0.275391 0.695312 0.285156 0.695312 0.285156 0.691406 0.287109 0.689453 0.287109 0.679688 0.285156 0.677734 0.285156 0.669922 0.287109 0.667969 0.287109 0.662109 0.289062 0.660156 0.289062 0.656250 0.291016 0.654297 0.291016 0.652344 0.289062 0.650391 0.285156 0.650391
0 0.333984 0.580078 0.322266 0.626953 0.341797 0.675781 0.359375 0.681641 0.376953 0.650391 0.400391 0.660156 0.400391 0.683594 0.427734 0.695312 0.462891 0.699219 0.496094 0.679688 0.492188 0.605469 0.419922 0.613281 0.410156 0.568359 0.388672 0.562500
0 0.185547 0.345703 0.142578 0.585938 0.183594 0.570312 0.177734 0.548828 0.189453 0.546875 0.193359 0.527344 0.185547 0.470703 0.208984 0.462891 0.212891 0.386719 0.224609 0.375000 0.197266 0.667969 0.212891 0.677734 0.259766 0.349609 0.250000 0.361328 0.238281 0.353516 0.238281 0.376953 0.224609 0.373047 0.220703 0.357422
0 0.517578 0.322266 0.501953 0.322266 0.500000 0.324219 0.500000 0.326172 0.496094 0.330078 0.496094 0.369141 0.509766 0.355469 0.509766 0.353516 0.513672 0.349609 0.513672 0.345703 0.515625 0.343750 0.515625 0.337891 0.517578 0.335938
0 0.332031 0.294922 0.326172 0.304688 0.330078 0.341797 0.326172 0.457031 0.376953 0.501953 0.421875 0.376953 0.396484 0.357422 0.400391 0.333984 0.390625 0.339844 0.384766 0.337891 0.388672 0.326172 0.386719 0.310547 0.380859 0.324219 0.349609 0.328125
0 0.625000 0.244141 0.626953 0.267578 0.636719 0.287109 0.634766 0.302734 0.625000 0.310547 0.623047 0.351562 0.634766 0.363281 0.632812 0.546875 0.654297 0.546875 0.656250 0.359375 0.640625 0.341797 0.638672 0.320312 0.650391 0.304688 0.650391 0.287109 0.636719 0.267578 0.636719 0.244141
0 0.660156 0.212891 0.654297 0.281250 0.683594 0.300781 0.732422 0.294922 0.740234 0.333984 0.724609 0.369141 0.740234 0.406250 0.744141 0.630859 0.697266 0.636719 0.685547 0.708984 0.707031 0.695312 0.730469 0.707031 0.738281 0.693359 0.833984 0.718750 0.833984 0.697266 0.818359 0.679688 0.792969 0.675781 0.787109 0.646484 0.798828 0.476562 0.833984 0.460938 0.822266 0.382812 0.802734 0.394531 0.798828 0.429688 0.769531 0.421875 0.783203 0.378906 0.773438 0.347656 0.757812 0.339844 0.767578 0.283203 0.751953 0.285156 0.744141 0.267578 0.691406 0.261719 0.679688 0.216797
1 0.998047 0.001953 0.009766 0.375000 0.279297 0.341797 0.224609 0.742188 0.294922 0.755859 0.166016 0.687500 0.150391 0.589844 0.119141 0.712891 0.173828 0.736328 0.121094 0.800781 0.398438 0.824219 0.376953 0.767578 0.998047 0.880859 0.998047 0.777344 0.738281 0.695312 0.511719 0.750000 0.376953 0.654297 0.285156 0.730469 0.255859 0.656250 0.318359 0.511719 0.304688 0.277344 0.417969 0.367188 0.451172 0.281250 0.482422 0.341797 0.628906 0.207031 0.802734 0.275391 0.861328 0.177734 0.830078 0.142578 0.923828 0.171875 0.980469 0.132812
