0 0.615234 0.697266 0.605469 0.728516 0.605469 0.789062 0.623047 0.798828 0.630859 0.839844 0.638672 0.849609 0.757812 0.855469 0.753906 0.835938 0.728516 0.830078 0.738281 0.822266 0.767578 0.818359 0.759766 0.802734 0.716797 0.796875 0.710938 0.781250 0.710938 0.753906 0.763672 0.748047 0.757812 0.728516 0.714844 0.708984 0.693359 0.724609 0.677734 0.722656 0.656250 0.710938 0.650391 0.695312
0 0.353516 0.679688 0.326172 0.675781 0.296875 0.656250 0.248047 0.656250 0.222656 0.667969 0.257812 0.677734 0.232422 0.689453 0.232422 0.740234 0.240234 0.804688 0.251953 0.806641 0.271484 0.722656 0.291016 0.703125 0.304688 0.716797 0.308594 0.740234 0.337891 0.753906 0.351562 0.736328 0.357422 0.695312
0 0.416016 0.648438 0.382812 0.666016 0.367188 0.685547 0.376953 0.689453 0.376953 0.746094 0.380859 0.781250 0.402344 0.785156 0.429688 0.759766 0.427734 0.724609 0.416016 0.671875
0 0.890625 0.570312 0.908203 0.576172 0.923828 0.585938 0.908203 0.607422 0.908203 0.611328 0.925781 0.617188 0.974609 0.613281 0.988281 0.591797 0.972656 0.574219 0.937500 0.562500 0.896484 0.560547
0 0.000000 0.251953 0.000000 0.621094 0.068359 0.607422 0.171875 0.625000 0.197266 0.617188 0.246094 0.576172 0.257812 0.576172 0.275391 0.603516 0.287109 0.595703 0.267578 0.496094 0.142578 0.535156 0.058594 0.523438 0.013672 0.486328 0.029297 0.425781 0.027344 0.388672 0.011719 0.359375 0.025391 0.281250 0.019531 0.250000
0 0.750000 0.121094 0.734375 0.275391 0.750000 0.324219 0.787109 0.367188 0.816406 0.373047 0.794922 0.406250 0.789062 0.501953 0.818359 0.527344 0.861328 0.527344 0.845703 0.507812 0.849609 0.455078 0.861328 0.427734 0.861328 0.386719 0.845703 0.353516 0.847656 0.285156 0.796875 0.277344 0.763672 0.246094 0.763672 0.212891 0.781250 0.166016 0.789062 0.113281
0 0.187500 0.091797 0.146484 0.093750 0.091797 0.109375 0.066406 0.125000 0.042969 0.152344 0.042969 0.175781 0.068359 0.203125 0.091797 0.183594 0.111328 0.179688 0.146484 0.207031 0.171875 0.183594 0.181641 0.103516
0 0.263672 0.083984 0.255859 0.121094 0.267578 0.355469 0.292969 0.322266 0.312500 0.373047 0.330078 0.496094 0.365234 0.505859 0.396484 0.494141 0.414062 0.464844 0.396484 0.248047 0.371094 0.177734 0.347656 0.160156 0.291016 0.207031 0.283203 0.130859 0.292969 0.091797
0 0.779297 0.050781 0.767578 0.056641 0.773438 0.062500 0.773438 0.064453 0.779297 0.070312 0.779297 0.072266 0.794922 0.091797 0.783203 0.109375 0.787109 0.105469 0.792969 0.103516 0.796875 0.099609 0.802734 0.097656 0.806641 0.093750 0.814453 0.089844 0.816406 0.085938 0.816406 0.062500 0.812500 0.062500 0.806641 0.058594 0.796875 0.056641 0.785156 0.050781
0 0.904297 0.001953 0.929688 0.007812 0.935547 0.011719 0.910156 0.042969 0.917969 0.042969 0.919922 0.041016 0.970703 0.041016 0.998047 0.019531 0.986328 0.015625 0.976562 0.015625 0.974609 0.013672 0.964844 0.013672 0.953125 0.009766 0.943359 0.009766 0.941406 0.007812 0.931641 0.007812 0.929688 0.005859 0.919922 0.005859 0.917969 0.003906
1 0.560547 0.890625 0.619141 0.888672 0.630859 0.869141 0.664062 0.863281 0.687500 0.904297 0.703125 0.894531 0.779297 0.912109 0.779297 0.882812 0.767578 0.861328 0.705078 0.861328 0.693359 0.855469 0.628906 0.853516 0.625000 0.830078 0.603516 0.822266 0.603516 0.806641 0.585938 0.816406 0.568359 0.853516
1 0.470703 0.779297 0.447266 0.755859 0.386719 0.798828 0.375000 0.746094 0.375000 0.689453 0.357422 0.691406 0.355469 0.750000 0.337891 0.755859 0.312500 0.746094 0.300781 0.712891 0.289062 0.707031 0.281250 0.714844 0.250000 0.820312 0.265625 0.832031 0.220703 0.849609 0.214844 0.861328 0.306641 0.853516 0.404297 0.878906 0.439453 0.837891
1 0.619141 0.011719 0.582031 0.068359 0.585938 0.689453 0.683594 0.677734 0.732422 0.716797 0.781250 0.687500 0.996094 0.685547 0.986328 0.617188 0.890625 0.621094 0.917969 0.589844 0.855469 0.562500 0.896484 0.554688 0.794922 0.525391 0.812500 0.376953 0.736328 0.316406 0.738281 0.132812 0.792969 0.091797 0.757812 0.048828 0.712891 0.076172 0.687500 0.601562 0.697266 0.113281 0.658203 0.035156 0.628906 0.041016 0.652344 0.009766
1 0.378906 0.015625 0.134766 0.011719 0.000000 0.041016 0.007812 0.199219 0.095703 0.103516 0.333984 0.068359 0.341797 0.154297 0.382812 0.183594 0.416016 0.455078 0.396484 0.496094 0.330078 0.500000 0.291016 0.324219 0.287109 0.603516 0.246094 0.578125 0.189453 0.625000 0.044922 0.609375 0.000000 0.644531 0.289062 0.652344 0.357422 0.677734 0.433594 0.597656 0.416016 0.091797
1 0.933594 0.011719 0.865234 0.000000 0.675781 0.001953 0.701172 0.019531 0.720703 0.044922 0.773438 0.021484 0.812500 0.029297 0.824219 0.048828 0.865234 0.052734 0.900391 0.042969
