0 0.230469 0.769531 0.234375 0.773438 0.253906 0.779297 0.287109 0.779297 0.289062 0.783203 0.300781 0.783203 0.302734 0.779297 0.326172 0.775391 0.343750 0.763672 0.332031 0.757812 0.294922 0.757812 0.287109 0.753906 0.287109 0.734375 0.279297 0.726562 0.265625 0.736328 0.265625 0.740234 0.257812 0.748047 0.257812 0.753906 0.240234 0.767578 0.230469 0.767578
0 0.652344 0.662109 0.634766 0.664062 0.628906 0.671875 0.630859 0.730469 0.621094 0.738281 0.589844 0.738281 0.583984 0.724609 0.583984 0.636719 0.578125 0.634766 0.570312 0.652344 0.566406 0.691406 0.554688 0.736328 0.523438 0.744141 0.505859 0.755859 0.517578 0.763672 0.576172 0.767578 0.607422 0.761719 0.628906 0.748047 0.646484 0.744141 0.644531 0.693359
0 0.914062 0.453125 0.890625 0.466797 0.857422 0.515625 0.859375 0.484375 0.812500 0.572266 0.796875 0.580078 0.781250 0.611328 0.773438 0.582031 0.759766 0.585938 0.748047 0.574219 0.726562 0.591797 0.720703 0.605469 0.740234 0.636719 0.750000 0.681641 0.708984 0.691406 0.675781 0.687500 0.666016 0.751953 0.695312 0.765625 0.699219 0.789062 0.732422 0.783203 0.765625 0.753906 0.750000 0.685547 0.781250 0.667969 0.806641 0.617188 0.910156 0.472656
0 0.082031 0.375000 0.078125 0.375000 0.076172 0.373047 0.070312 0.373047 0.068359 0.371094 0.060547 0.371094 0.058594 0.369141 0.054688 0.369141 0.052734 0.371094 0.046875 0.371094 0.044922 0.373047 0.035156 0.375000 0.035156 0.376953 0.033203 0.378906 0.023438 0.380859 0.023438 0.388672 0.025391 0.390625 0.025391 0.398438 0.039062 0.398438 0.041016 0.396484 0.058594 0.396484 0.060547 0.394531 0.068359 0.394531 0.070312 0.392578 0.076172 0.392578 0.078125 0.390625 0.082031 0.390625
0 0.101562 0.382812 0.103516 0.396484 0.136719 0.410156 0.148438 0.419922 0.156250 0.455078 0.185547 0.460938 0.203125 0.470703 0.248047 0.476562 0.294922 0.470703 0.300781 0.457031 0.294922 0.445312 0.279297 0.433594 0.277344 0.427734 0.287109 0.414062 0.248047 0.351562 0.226562 0.349609 0.207031 0.361328 0.201172 0.339844 0.167969 0.349609 0.160156 0.361328 0.132812 0.367188
0 0.765625 0.228516 0.755859 0.216797 0.750000 0.216797 0.748047 0.218750 0.738281 0.218750 0.736328 0.222656 0.687500 0.228516 0.662109 0.234375 0.650391 0.234375 0.642578 0.236328 0.638672 0.253906 0.652344 0.251953 0.654297 0.248047 0.662109 0.248047 0.664062 0.246094 0.712891 0.246094
0 0.998047 0.164062 0.875000 0.181641 0.826172 0.212891 0.853516 0.240234 0.775391 0.246094 0.769531 0.326172 0.746094 0.351562 0.648438 0.335938 0.525391 0.394531 0.519531 0.369141 0.476562 0.367188 0.507812 0.320312 0.568359 0.337891 0.603516 0.306641 0.677734 0.324219 0.730469 0.308594 0.755859 0.277344 0.716797 0.261719 0.447266 0.271484 0.392578 0.316406 0.335938 0.312500 0.328125 0.427734 0.351562 0.447266 0.564453 0.427734 0.619141 0.390625 0.595703 0.373047 0.669922 0.400391 0.818359 0.376953 0.910156 0.332031 0.896484 0.308594 0.865234 0.322266 0.900391 0.287109 0.894531 0.224609 0.962891 0.197266 0.998047 0.226562
1 0.777344 0.673828 0.773438 0.673828 0.767578 0.677734 0.763672 0.677734 0.761719 0.679688 0.759766 0.679688 0.757812 0.681641 0.757812 0.683594 0.753906 0.687500 0.753906 0.695312 0.755859 0.697266 0.755859 0.701172 0.757812 0.703125 0.757812 0.708984 0.759766 0.710938 0.759766 0.730469 0.763672 0.730469 0.765625 0.728516 0.771484 0.728516 0.773438 0.726562 0.777344 0.726562
1 0.744141 0.671875 0.738281 0.636719 0.724609 0.619141 0.714844 0.597656 0.685547 0.630859 0.671875 0.623047 0.658203 0.636719 0.648438 0.632812 0.644531 0.625000 0.617188 0.634766 0.617188 0.658203 0.630859 0.666016 0.654297 0.654297 0.664062 0.669922 0.687500 0.689453 0.732422 0.685547
1 0.998047 0.300781 0.976562 0.306641 0.968750 0.292969 0.935547 0.306641 0.937500 0.324219 0.919922 0.332031 0.914062 0.332031 0.906250 0.343750 0.906250 0.351562 0.898438 0.365234 0.898438 0.373047 0.966797 0.371094 0.998047 0.357422
