0 0.369141 0.335938 0.468750 0.394531 0.625000 0.373047 0.609375 0.308594 0.568359 0.306641 0.564453 0.345703 0.531250 0.351562 0.533203 0.291016 0.498047 0.294922 0.453125 0.318359 0.417969 0.298828 0.410156 0.279297
0 0.281250 0.242188 0.222656 0.320312 0.263672 0.345703 0.314453 0.287109 0.312500 0.281250
0 0.777344 0.083984 0.773438 0.087891 0.773438 0.089844 0.769531 0.093750 0.769531 0.095703 0.771484 0.097656 0.771484 0.101562 0.773438 0.103516 0.773438 0.109375 0.775391 0.111328 0.789062 0.111328 0.789062 0.107422 0.791016 0.105469 0.791016 0.097656 0.792969 0.095703 0.792969 0.093750 0.791016 0.093750 0.781250 0.083984
0 0.759766 0.031250 0.757812 0.031250 0.753906 0.035156 0.751953 0.035156 0.750000 0.037109 0.748047 0.037109 0.748047 0.039062 0.746094 0.041016 0.746094 0.046875 0.744141 0.048828 0.744141 0.052734 0.742188 0.054688 0.744141 0.056641 0.746094 0.056641 0.750000 0.060547 0.751953 0.060547 0.755859 0.064453 0.757812 0.064453 0.757812 0.062500 0.759766 0.060547 0.759766 0.058594 0.761719 0.056641 0.761719 0.054688 0.763672 0.052734 0.763672 0.042969 0.761719 0.041016 0.761719 0.035156 0.759766 0.033203
0 0.429688 0.019531 0.414062 0.046875 0.421875 0.085938 0.449219 0.085938 0.462891 0.095703 0.468750 0.093750 0.480469 0.093750 0.478516 0.066406 0.468750 0.037109 0.451172 0.015625 0.443359 0.015625 0.441406 0.017578 0.433594 0.017578
0 0.992188 0.013672 0.955078 0.078125 0.917969 0.083984 0.804688 0.193359 0.835938 0.277344 0.830078 0.326172 0.865234 0.351562 0.857422 0.394531 0.878906 0.375000 0.882812 0.335938 0.876953 0.318359 0.896484 0.281250 0.912109 0.281250 0.916016 0.238281 0.929688 0.214844 0.937500 0.224609 0.994141 0.072266
0 0.121094 0.003906 0.156250 0.183594 0.195312 0.214844 0.242188 0.185547 0.308594 0.121094 0.308594 0.115234 0.255859 0.003906
1 0.832031 0.281250 0.802734 0.277344 0.769531 0.283203 0.750000 0.314453 0.693359 0.316406 0.669922 0.335938 0.671875 0.351562 0.650391 0.355469 0.652344 0.375000 0.679688 0.380859 0.693359 0.359375 0.728516 0.367188 0.753906 0.333984 0.783203 0.351562 0.791016 0.359375 0.792969 0.369141 0.800781 0.371094 0.808594 0.328125 0.812500 0.324219 0.818359 0.328125
1 0.421875 0.242188 0.423828 0.244141 0.423828 0.251953 0.425781 0.253906 0.425781 0.261719 0.427734 0.263672 0.427734 0.273438 0.425781 0.275391 0.423828 0.287109 0.421875 0.289062 0.421875 0.294922 0.419922 0.296875 0.455078 0.304688 0.458984 0.298828 0.462891 0.283203 0.466797 0.279297 0.480469 0.273438 0.474609 0.255859 0.472656 0.253906 0.466797 0.253906 0.457031 0.250000 0.449219 0.250000 0.439453 0.246094 0.431641 0.246094
1 0.929688 0.222656 0.919922 0.236328 0.916016 0.283203 0.900391 0.285156 0.882812 0.316406 0.888672 0.339844 0.886719 0.367188 0.902344 0.369141 0.908203 0.312500 0.935547 0.234375 0.935547 0.228516
1 0.158203 0.189453 0.179688 0.261719 0.183594 0.312500 0.244141 0.396484 0.330078 0.328125 0.363281 0.335938 0.392578 0.292969 0.316406 0.289062 0.263672 0.349609 0.216797 0.322266 0.279297 0.242188 0.273438 0.220703 0.240234 0.193359 0.195312 0.216797
2 0.132812 0.566406 0.333984 0.652344 0.533203 0.640625 0.613281 0.658203 0.667969 0.628906 0.798828 0.603516 0.814453 0.474609 0.898438 0.382812 0.853516 0.404297 0.863281 0.353516 0.812500 0.328125 0.796875 0.386719 0.748047 0.386719 0.722656 0.416016 0.693359 0.406250 0.642578 0.464844 0.628906 0.378906 0.470703 0.398438 0.332031 0.330078 0.244141 0.398438 0.183594 0.320312 0.205078 0.410156 0.242188 0.462891 0.232422 0.537109 0.169922 0.539062
