0 0.125000 0.787109 0.126953 0.789062 0.126953 0.792969 0.132812 0.796875 0.134766 0.800781 0.146484 0.806641 0.158203 0.808594 0.160156 0.806641 0.171875 0.806641 0.175781 0.802734 0.183594 0.800781 0.195312 0.792969 0.199219 0.792969 0.205078 0.789062 0.222656 0.783203 0.222656 0.781250 0.210938 0.773438 0.140625 0.773438 0.136719 0.777344 0.132812 0.777344 0.126953 0.783203 0.125000 0.783203
0 0.457031 0.654297 0.400391 0.615234 0.351562 0.699219 0.371094 0.697266 0.392578 0.691406 0.408203 0.691406 0.419922 0.687500 0.458984 0.683594
0 0.197266 0.539062 0.134766 0.546875 0.210938 0.617188 0.154297 0.720703 0.212891 0.712891 0.226562 0.615234
0 0.113281 0.275391 0.113281 0.289062 0.115234 0.291016 0.115234 0.296875 0.113281 0.298828 0.113281 0.306641 0.111328 0.308594 0.111328 0.318359 0.109375 0.320312 0.111328 0.320312 0.113281 0.322266 0.119141 0.322266 0.119141 0.320312 0.121094 0.318359 0.121094 0.314453 0.123047 0.312500 0.123047 0.308594 0.126953 0.304688 0.126953 0.298828 0.125000 0.296875 0.125000 0.291016 0.123047 0.289062 0.123047 0.283203 0.121094 0.283203 0.117188 0.279297 0.117188 0.277344 0.115234 0.277344
0 0.562500 0.189453 0.562500 0.193359 0.564453 0.195312 0.564453 0.199219 0.566406 0.201172 0.566406 0.208984 0.568359 0.210938 0.568359 0.216797 0.570312 0.218750 0.570312 0.226562 0.593750 0.250000 0.593750 0.251953 0.595703 0.251953 0.597656 0.253906 0.597656 0.255859 0.599609 0.255859 0.599609 0.253906 0.597656 0.251953 0.597656 0.244141 0.595703 0.242188 0.595703 0.236328 0.593750 0.234375 0.593750 0.226562 0.591797 0.224609 0.591797 0.218750 0.589844 0.216797 0.589844 0.214844 0.564453 0.189453
0 0.490234 0.140625 0.484375 0.191406 0.447266 0.238281 0.458984 0.267578 0.474609 0.240234 0.488281 0.222656 0.494141 0.205078 0.498047 0.177734 0.501953 0.169922 0.498047 0.166016
0 0.998047 0.134766 0.630859 0.521484 0.634766 0.533203 0.998047 0.148438
0 0.490234 0.009766 0.488281 0.017578 0.478516 0.037109 0.478516 0.041016 0.466797 0.064453 0.468750 0.078125 0.476562 0.097656 0.476562 0.103516 0.480469 0.109375 0.490234 0.087891 0.494141 0.083984 0.494141 0.080078 0.498047 0.072266 0.507812 0.058594 0.505859 0.046875 0.501953 0.041016 0.501953 0.037109 0.496094 0.029297
0 0.804688 0.000000 0.718750 0.000000 0.757812 0.064453 0.761719 0.148438 0.804688 0.103516 0.808594 0.052734
0 0.634766 0.000000 0.634766 0.001953 0.636719 0.003906 0.636719 0.011719 0.638672 0.013672 0.638672 0.023438 0.640625 0.025391 0.640625 0.033203 0.642578 0.035156 0.642578 0.044922 0.644531 0.046875 0.644531 0.054688 0.646484 0.056641 0.646484 0.062500 0.646484 0.060547 0.656250 0.042969 0.656250 0.039062 0.660156 0.033203 0.660156 0.031250 0.658203 0.029297 0.658203 0.017578 0.656250 0.015625 0.656250 0.005859 0.654297 0.003906 0.654297 0.001953 0.646484 0.001953 0.644531 0.000000
1 0.630859 0.892578 0.597656 0.892578 0.576172 0.945312 0.552734 0.994141 0.578125 0.996094 0.580078 0.998047 0.589844 0.996094 0.601562 0.962891 0.611328 0.943359 0.613281 0.933594 0.619141 0.923828 0.623047 0.910156 0.628906 0.902344
1 0.003906 0.785156 0.000000 0.910156 0.205078 0.898438 0.210938 0.890625 0.210938 0.882812 0.130859 0.886719 0.097656 0.876953 0.087891 0.830078 0.091797 0.812500 0.111328 0.783203 0.041016 0.775391
1 0.453125 0.757812 0.441406 0.792969 0.429688 0.810547 0.400391 0.810547 0.378906 0.794922 0.341797 0.783203 0.298828 0.783203 0.285156 0.777344 0.263672 0.777344 0.253906 0.783203 0.265625 0.818359 0.263672 0.851562 0.253906 0.869141 0.255859 0.892578 0.267578 0.900391 0.431641 0.896484 0.455078 0.792969
1 0.998047 0.853516 0.808594 0.867188 0.789062 0.855469 0.785156 0.792969 0.769531 0.783203 0.781250 0.742188 0.794922 0.730469 0.900391 0.728516 0.808594 0.724609 0.537109 0.746094 0.537109 0.736328 0.486328 0.748047 0.472656 0.894531 0.767578 0.878906 0.996094 0.882812
1 0.630859 0.531250 0.585938 0.572266 0.593750 0.675781 0.636719 0.660156
1 0.789062 0.425781 0.683594 0.675781 0.724609 0.677734 0.798828 0.484375
1 0.515625 0.419922 0.365234 0.582031 0.412109 0.621094 0.433594 0.574219 0.488281 0.541016 0.498047 0.474609 0.525391 0.433594
1 0.998047 0.183594 0.960938 0.189453 0.916016 0.236328 0.884766 0.548828 0.908203 0.544922 0.955078 0.400391 0.955078 0.300781 0.996094 0.248047
2 0.458984 0.685547 0.333984 0.710938 0.173828 0.718750 0.009766 0.740234 0.000000 0.785156 0.041016 0.771484 0.125000 0.781250 0.140625 0.771484 0.210938 0.771484 0.244141 0.781250 0.285156 0.775391 0.333984 0.779297 0.402344 0.808594 0.419922 0.808594 0.433594 0.800781 0.455078 0.748047
2 0.998047 0.662109 0.933594 0.660156 0.652344 0.685547 0.515625 0.675781 0.500000 0.685547 0.500000 0.705078 0.539062 0.718750 0.537109 0.744141 0.777344 0.732422 0.808594 0.722656 0.908203 0.726562 0.943359 0.707031 0.998047 0.708984
2 0.001953 0.427734 0.000000 0.478516 0.132812 0.623047 0.148438 0.654297 0.191406 0.648438 0.207031 0.619141
