0 0.738281 0.744141 0.332031 0.896484 0.312500 0.998047 0.744141 0.998047 0.755859 0.960938 0.736328 0.927734 0.773438 0.830078 0.759766 0.802734 0.740234 0.818359
0 0.144531 0.634766 0.138672 0.685547 0.166016 0.736328 0.185547 0.734375 0.189453 0.785156 0.263672 0.876953 0.277344 0.884766 0.353516 0.859375 0.269531 0.746094 0.304688 0.734375 0.287109 0.708984 0.251953 0.728516 0.218750 0.691406 0.255859 0.673828 0.230469 0.648438 0.189453 0.666016
0 0.037109 0.537109 0.003906 0.574219 0.003906 0.742188 0.013672 0.742188 0.058594 0.716797 0.058594 0.695312 0.050781 0.658203 0.048828 0.609375
0 0.851562 0.314453 0.847656 0.330078 0.830078 0.333984 0.830078 0.419922 0.820312 0.511719 0.832031 0.501953 0.845703 0.511719 0.857422 0.505859 0.908203 0.542969 0.912109 0.531250 0.892578 0.498047 0.900391 0.472656 0.888672 0.402344 0.892578 0.343750 0.882812 0.312500
0 0.791016 0.292969 0.777344 0.328125 0.750000 0.341797 0.742188 0.380859 0.738281 0.494141 0.730469 0.486328 0.714844 0.486328 0.712891 0.498047 0.703125 0.501953 0.699219 0.519531 0.703125 0.533203 0.724609 0.542969 0.740234 0.541016 0.746094 0.515625 0.771484 0.533203 0.775391 0.529297 0.783203 0.464844 0.783203 0.359375 0.800781 0.341797 0.800781 0.304688
0 0.726562 0.253906 0.699219 0.244141 0.173828 0.353516 0.169922 0.388672 0.158203 0.357422 0.001953 0.386719 0.037109 0.462891 0.091797 0.486328 0.117188 0.468750 0.132812 0.476562 0.123047 0.548828 0.224609 0.640625 0.279297 0.619141 0.292969 0.646484 0.417969 0.617188 0.437500 0.556641 0.474609 0.523438 0.630859 0.503906 0.669922 0.468750 0.701172 0.357422 0.720703 0.361328
0 0.435547 0.052734 0.564453 0.099609 0.673828 0.082031 0.613281 0.076172 0.585938 0.083984 0.589844 0.074219 0.574219 0.066406 0.541016 0.072266 0.482422 0.050781 0.533203 0.035156 0.457031 0.042969
0 0.808594 0.062500 0.822266 0.062500 0.832031 0.058594 0.849609 0.058594 0.871094 0.052734 0.888672 0.052734 0.902344 0.048828 0.910156 0.019531 0.921875 0.001953 0.837891 0.001953 0.837891 0.009766 0.833984 0.019531 0.814453 0.021484
1 0.998047 0.619141 0.009766 0.998047 0.310547 0.998047 0.332031 0.890625 0.740234 0.738281 0.744141 0.814453 0.759766 0.796875 0.777344 0.826172 0.738281 0.931641 0.759766 0.958984 0.750000 0.998047 0.998047 0.998047
1 0.046875 0.531250 0.042969 0.541016 0.048828 0.574219 0.054688 0.673828 0.070312 0.673828 0.062500 0.644531 0.070312 0.609375 0.074219 0.603516 0.082031 0.621094 0.093750 0.617188 0.095703 0.589844 0.091797 0.576172 0.078125 0.570312 0.064453 0.570312 0.062500 0.548828
1 0.625000 0.548828 0.759766 0.636719 0.835938 0.613281 0.929688 0.566406 0.939453 0.525391 0.917969 0.531250 0.910156 0.548828 0.861328 0.517578 0.816406 0.525391 0.818359 0.560547 0.800781 0.554688 0.783203 0.531250 0.769531 0.539062 0.748047 0.519531 0.744141 0.541016 0.724609 0.544922 0.703125 0.537109 0.695312 0.525391 0.630859 0.517578
1 0.054688 0.466797 0.041016 0.494141 0.048828 0.515625 0.058594 0.523438 0.091797 0.507812 0.113281 0.535156 0.121094 0.552734 0.121094 0.525391 0.125000 0.517578 0.134766 0.515625 0.136719 0.492188 0.132812 0.486328 0.132812 0.480469 0.115234 0.474609 0.107422 0.480469 0.105469 0.486328 0.095703 0.496094
1 0.998047 0.033203 0.976562 0.019531 0.941406 0.046875 0.000000 0.189453 0.001953 0.384766 0.996094 0.175781
1 0.000000 0.083984 0.677734 0.009766 0.681641 0.033203 0.773438 0.023438 0.794922 0.033203 0.796875 0.000000 0.000000 0.000000
