0 0.263672 0.648438 0.089844 0.691406 0.017578 0.716797 0.000000 0.738281 0.007812 0.753906 0.113281 0.720703 0.082031 0.761719 0.029297 0.779297 0.003906 0.820312 0.025391 0.818359 0.279297 0.726562
0 0.351562 0.351562 0.343750 0.345703 0.310547 0.355469 0.289062 0.371094 0.255859 0.371094 0.234375 0.378906 0.220703 0.376953 0.222656 0.408203 0.285156 0.388672 0.310547 0.384766 0.361328 0.373047
0 0.324219 0.171875 0.314453 0.183594 0.312500 0.181641 0.291016 0.181641 0.289062 0.179688 0.283203 0.179688 0.285156 0.207031 0.287109 0.208984 0.287109 0.214844 0.289062 0.216797 0.289062 0.222656 0.292969 0.232422 0.294922 0.251953 0.308594 0.251953 0.310547 0.253906 0.322266 0.234375 0.324219 0.214844 0.326172 0.212891 0.326172 0.201172 0.328125 0.199219 0.328125 0.187500 0.326172 0.185547 0.326172 0.175781
0 0.048828 0.169922 0.033203 0.183594 0.042969 0.197266 0.003906 0.226562 0.000000 0.486328 0.013672 0.445312 0.044922 0.501953 0.082031 0.494141 0.107422 0.542969 0.117188 0.630859 0.130859 0.585938 0.099609 0.224609 0.126953 0.208984 0.128906 0.191406
0 0.373047 0.130859 0.365234 0.140625 0.349609 0.199219 0.355469 0.224609 0.369141 0.226562 0.367188 0.263672 0.353516 0.279297 0.343750 0.304688 0.353516 0.316406 0.380859 0.310547 0.402344 0.335938 0.431641 0.337891 0.449219 0.322266 0.470703 0.279297 0.443359 0.300781 0.400391 0.310547 0.382812 0.294922 0.423828 0.285156 0.386719 0.255859 0.382812 0.154297
0 0.310547 0.107422 0.291016 0.117188 0.261719 0.136719 0.248047 0.164062 0.250000 0.197266 0.271484 0.173828 0.273438 0.167969 0.294922 0.136719 0.304688 0.115234
0 0.345703 0.109375 0.345703 0.111328 0.355469 0.111328 0.357422 0.109375 0.367188 0.109375 0.375000 0.105469 0.380859 0.105469 0.382812 0.103516 0.392578 0.101562 0.404297 0.113281 0.404297 0.091797 0.406250 0.089844 0.406250 0.083984 0.408203 0.082031 0.406250 0.080078 0.400391 0.080078 0.398438 0.078125 0.392578 0.078125 0.390625 0.076172 0.384766 0.076172 0.382812 0.074219 0.361328 0.074219 0.357422 0.082031 0.357422 0.085938
0 0.076172 0.074219 0.074219 0.087891 0.085938 0.093750 0.119141 0.093750 0.121094 0.095703 0.128906 0.095703 0.130859 0.097656 0.132812 0.123047 0.140625 0.136719 0.160156 0.123047 0.173828 0.109375 0.173828 0.107422 0.121094 0.080078 0.087891 0.074219 0.078125 0.070312
0 0.218750 0.076172 0.228516 0.091797 0.259766 0.095703 0.291016 0.056641 0.316406 0.058594 0.335938 0.025391 0.353516 0.052734 0.375000 0.041016 0.400391 0.060547 0.421875 0.029297 0.431641 0.035156 0.429688 0.099609 0.453125 0.121094 0.445312 0.136719 0.416016 0.138672 0.427734 0.164062 0.478516 0.162109 0.476562 0.216797 0.685547 0.279297 0.701172 0.261719 0.730469 0.273438 0.779297 0.253906 0.498047 0.054688 0.494141 0.041016 0.476562 0.039062 0.474609 0.005859 0.335938 0.003906
1 0.156250 0.462891 0.310547 0.435547 0.291016 0.425781 0.287109 0.402344 0.316406 0.404297 0.318359 0.425781 0.539062 0.396484 0.537109 0.373047 0.496094 0.365234 0.476562 0.300781 0.427734 0.361328 0.388672 0.363281 0.398438 0.333984 0.378906 0.320312 0.310547 0.316406 0.320312 0.283203 0.298828 0.273438 0.289062 0.320312 0.257812 0.322266 0.255859 0.291016 0.228516 0.273438 0.224609 0.347656 0.246094 0.365234 0.222656 0.375000 0.343750 0.341797 0.363281 0.373047 0.160156 0.425781
1 0.177734 0.068359 0.177734 0.083984 0.179688 0.085938 0.183594 0.085938 0.185547 0.087891 0.187500 0.087891 0.189453 0.089844 0.193359 0.089844 0.203125 0.095703 0.207031 0.095703 0.208984 0.097656 0.212891 0.097656 0.214844 0.099609 0.218750 0.099609 0.224609 0.103516 0.228516 0.103516 0.230469 0.105469 0.232422 0.105469 0.230469 0.103516 0.230469 0.097656 0.228516 0.095703 0.228516 0.093750 0.218750 0.089844 0.214844 0.085938 0.208984 0.083984 0.199219 0.076172 0.197266 0.076172 0.191406 0.072266 0.187500 0.072266 0.181641 0.068359
1 0.423828 0.033203 0.400391 0.066406 0.384766 0.060547 0.376953 0.044922 0.363281 0.056641 0.248047 0.111328 0.234375 0.126953 0.240234 0.140625 0.228516 0.166016 0.236328 0.167969 0.244141 0.148438 0.263672 0.125000 0.287109 0.119141 0.332031 0.082031 0.351562 0.078125 0.363281 0.068359 0.406250 0.078125 0.408203 0.099609 0.421875 0.123047 0.441406 0.132812 0.451172 0.121094 0.425781 0.097656
1 0.798828 0.003906 0.808594 0.042969 0.828125 0.058594 0.849609 0.062500 0.855469 0.068359 0.855469 0.111328 0.882812 0.140625 0.882812 0.164062 0.900391 0.171875 0.919922 0.166016 0.927734 0.156250 0.914062 0.119141 0.904297 0.105469 0.910156 0.087891 0.908203 0.078125 0.888672 0.076172 0.890625 0.044922 0.869141 0.046875 0.867188 0.031250 0.884766 0.005859 0.867188 0.001953
1 0.179688 0.052734 0.191406 0.062500 0.210938 0.072266 0.216797 0.072266 0.244141 0.058594 0.253906 0.056641 0.269531 0.039062 0.298828 0.025391 0.318359 0.009766 0.310547 0.003906 0.253906 0.001953 0.224609 0.023438 0.222656 0.017578 0.228516 0.001953 0.210938 0.005859 0.179688 0.033203
