0 0.000000 0.453125 0.000000 0.466797 0.011719 0.466797 0.013672 0.468750 0.021484 0.468750 0.031250 0.472656 0.046875 0.472656 0.056641 0.476562 0.072266 0.476562 0.082031 0.480469 0.097656 0.480469 0.101562 0.482422 0.101562 0.457031 0.064453 0.457031 0.062500 0.455078 0.039062 0.455078 0.037109 0.453125
0 0.613281 0.277344 0.593750 0.318359 0.568359 0.398438 0.564453 0.402344 0.556641 0.425781 0.558594 0.449219 0.562500 0.451172 0.568359 0.449219 0.605469 0.345703 0.615234 0.326172
0 0.070312 0.146484 0.066406 0.181641 0.166016 0.275391 0.169922 0.275391 0.169922 0.269531 0.166016 0.263672 0.082031 0.179688 0.082031 0.148438
0 0.734375 0.001953 0.769531 0.039062 0.705078 0.142578 0.683594 0.228516 0.714844 0.246094 0.751953 0.228516 0.816406 0.250000 0.925781 0.320312 0.990234 0.212891 0.990234 0.003906
0 0.546875 0.001953 0.423828 0.007812 0.416016 0.125000 0.382812 0.197266 0.365234 0.189453 0.392578 0.128906 0.396484 0.003906 0.314453 0.007812 0.281250 0.050781 0.246094 0.062500 0.201172 0.035156 0.173828 0.320312 0.257812 0.333984 0.324219 0.275391 0.341797 0.285156 0.343750 0.339844 0.375000 0.371094 0.445312 0.320312 0.474609 0.376953 0.494141 0.330078 0.539062 0.343750
1 0.773438 0.740234 0.773438 0.761719 0.814453 0.789062 0.824219 0.798828 0.828125 0.798828 0.835938 0.804688 0.835938 0.791016 0.837891 0.789062 0.837891 0.748047 0.835938 0.746094 0.832031 0.746094 0.828125 0.742188 0.822266 0.742188 0.816406 0.738281 0.812500 0.738281 0.808594 0.734375 0.800781 0.732422 0.794922 0.728516 0.789062 0.728516
1 0.998047 0.585938 0.943359 0.621094 0.912109 0.662109 0.908203 0.710938 0.875000 0.710938 0.841797 0.753906 0.839844 0.876953 0.853516 0.878906 0.853516 0.902344 0.861328 0.904297 0.873047 0.878906 0.919922 0.878906 0.923828 0.912109 0.837891 0.916016 0.839844 0.994141 0.998047 0.998047
1 0.539062 0.351562 0.494141 0.335938 0.474609 0.386719 0.441406 0.328125 0.375000 0.378906 0.337891 0.345703 0.324219 0.279297 0.257812 0.339844 0.175781 0.328125 0.166016 0.458984 0.214844 0.460938 0.107422 0.458984 0.105469 0.496094 0.148438 0.509766 0.105469 0.554688 0.138672 0.570312 0.142578 0.626953 0.085938 0.753906 0.000000 0.814453 0.000000 0.953125 0.058594 0.996094 0.300781 0.998047 0.238281 0.927734 0.244141 0.857422 0.291016 0.916016 0.244141 0.851562 0.234375 0.628906 0.523438 0.609375 0.537109 0.494141 0.441406 0.474609 0.541016 0.490234
1 0.658203 0.001953 0.644531 0.359375 0.765625 0.316406 0.847656 0.359375 0.867188 0.392578 0.955078 0.390625 0.958984 0.421875 0.998047 0.417969 0.982422 0.279297 0.998047 0.255859 0.990234 0.214844 0.925781 0.328125 0.816406 0.251953 0.751953 0.234375 0.718750 0.251953 0.679688 0.230469 0.703125 0.138672 0.765625 0.041016 0.730469 0.000000
2 0.558594 0.470703 0.542969 0.498047 0.546875 0.535156 0.652344 0.550781 0.714844 0.546875 0.714844 0.666016 0.792969 0.691406 0.796875 0.728516 0.841797 0.748047 0.871094 0.710938 0.902344 0.707031 0.910156 0.658203 0.937500 0.621094 0.998047 0.582031 0.998047 0.425781 0.769531 0.427734 0.630859 0.445312
2 0.638672 0.437500 0.792969 0.419922 0.957031 0.417969 0.953125 0.392578 0.867188 0.398438 0.845703 0.361328 0.761719 0.322266 0.703125 0.353516 0.648438 0.361328
