0 0.167969 0.488281 0.115234 0.511719 0.103516 0.519531 0.099609 0.525391 0.097656 0.542969 0.126953 0.544922 0.117188 0.566406 0.121094 0.601562 0.150391 0.597656 0.148438 0.564453 0.160156 0.556641 0.162109 0.542969 0.175781 0.542969 0.167969 0.535156
0 0.179688 0.539062 0.181641 0.544922 0.318359 0.521484 0.287109 0.517578 0.281250 0.513672 0.277344 0.503906 0.248047 0.503906 0.234375 0.517578 0.226562 0.505859 0.230469 0.482422 0.224609 0.478516 0.228516 0.466797 0.207031 0.468750 0.189453 0.478516 0.191406 0.531250
0 0.353516 0.394531 0.318359 0.412109 0.001953 0.435547 0.001953 0.476562 0.277344 0.458984 0.279297 0.443359 0.300781 0.427734 0.326172 0.425781
0 0.554688 0.365234 0.546875 0.369141 0.541016 0.369141 0.535156 0.373047 0.529297 0.373047 0.523438 0.376953 0.515625 0.376953 0.509766 0.380859 0.509766 0.392578 0.527344 0.392578 0.529297 0.394531 0.529297 0.423828 0.521484 0.431641 0.519531 0.431641 0.515625 0.437500 0.523438 0.433594 0.531250 0.433594 0.537109 0.429688 0.544922 0.429688 0.552734 0.425781
0 0.996094 0.273438 0.792969 0.337891 0.822266 0.378906 0.998047 0.365234
0 0.503906 0.269531 0.503906 0.300781 0.509766 0.300781 0.517578 0.304688 0.527344 0.304688 0.535156 0.308594 0.542969 0.308594 0.550781 0.312500 0.556641 0.312500 0.556641 0.294922 0.554688 0.292969 0.554688 0.273438 0.546875 0.273438 0.539062 0.269531 0.527344 0.269531 0.525391 0.267578 0.519531 0.267578 0.511719 0.263672 0.509766 0.263672
0 0.673828 0.177734 0.556641 0.240234 0.560547 0.296875 0.601562 0.375000 0.625000 0.363281 0.654297 0.320312 0.660156 0.257812 0.677734 0.236328
0 0.996094 0.005859 0.837891 0.087891 0.761719 0.175781 0.724609 0.175781 0.732422 0.337891 0.794922 0.318359 0.800781 0.279297 0.830078 0.267578 0.847656 0.232422 0.906250 0.216797 0.910156 0.246094 0.996094 0.187500
0 0.707031 0.000000 0.621094 0.001953 0.626953 0.050781 0.603516 0.068359 0.597656 0.000000 0.544922 0.000000 0.550781 0.105469 0.501953 0.142578 0.492188 0.064453 0.531250 0.000000 0.490234 0.000000 0.488281 0.048828 0.419922 0.181641 0.410156 0.164062 0.410156 0.208984 0.439453 0.187500 0.445312 0.224609 0.523438 0.171875 0.513672 0.154297 0.599609 0.085938 0.628906 0.082031 0.656250 0.052734 0.662109 0.066406 0.673828 0.064453 0.669922 0.044922 0.687500 0.021484 0.707031 0.019531
0 0.468750 0.000000 0.343750 0.000000 0.351562 0.136719 0.402344 0.085938 0.406250 0.091797 0.406250 0.107422
1 0.996094 0.000000 0.785156 0.000000 0.298828 0.322266 0.355469 0.351562 0.357422 0.398438 0.277344 0.460938 0.277344 0.496094 0.335938 0.492188 0.365234 0.535156 0.328125 0.541016 0.326172 0.623047 0.494141 0.625000 0.478516 0.552734 0.429688 0.593750 0.421875 0.521484 0.468750 0.435547 0.527344 0.423828 0.501953 0.267578 0.671875 0.173828 0.621094 0.371094 0.558594 0.298828 0.542969 0.443359 0.628906 0.511719 0.630859 0.580078 0.582031 0.541016 0.570312 0.601562 0.783203 0.578125 0.781250 0.472656 0.820312 0.427734 0.998047 0.400391 0.998047 0.369141 0.824219 0.382812 0.789062 0.335938 0.994141 0.273438 0.998047 0.189453 0.906250 0.251953 0.906250 0.218750 0.847656 0.234375 0.794922 0.320312 0.732422 0.339844 0.720703 0.179688
