0 0.519531 0.792969 0.519531 0.798828 0.517578 0.800781 0.517578 0.802734 0.519531 0.804688 0.519531 0.810547 0.521484 0.812500 0.521484 0.828125 0.523438 0.830078 0.523438 0.841797 0.527344 0.845703 0.533203 0.839844 0.533203 0.814453 0.531250 0.812500 0.531250 0.808594 0.529297 0.806641 0.529297 0.802734 0.527344 0.800781 0.527344 0.798828 0.525391 0.796875 0.523438 0.796875 0.521484 0.794922 0.521484 0.792969
0 0.468750 0.722656 0.458984 0.742188 0.451172 0.806641 0.414062 0.880859 0.371094 0.884766 0.343750 0.917969 0.328125 0.925781 0.298828 0.910156 0.277344 0.921875 0.283203 0.943359 0.294922 0.953125 0.351562 0.960938 0.291016 0.984375 0.298828 0.994141 0.369141 0.998047 0.427734 0.957031 0.449219 0.923828 0.476562 0.912109 0.486328 0.855469
0 0.607422 0.664062 0.601562 0.679688 0.603516 0.728516 0.625000 0.816406 0.636719 0.808594 0.640625 0.810547 0.644531 0.832031 0.634766 0.845703 0.634766 0.853516 0.646484 0.861328 0.660156 0.843750 0.652344 0.791016 0.677734 0.775391 0.681641 0.718750 0.656250 0.722656 0.648438 0.728516 0.632812 0.710938 0.626953 0.683594 0.615234 0.667969
0 0.722656 0.591797 0.722656 0.595703 0.716797 0.605469 0.712891 0.617188 0.712891 0.623047 0.708984 0.630859 0.705078 0.648438 0.707031 0.650391 0.708984 0.662109 0.724609 0.673828 0.726562 0.677734 0.738281 0.687500 0.738281 0.691406 0.742188 0.695312 0.746094 0.695312 0.751953 0.691406 0.750000 0.677734 0.734375 0.658203 0.728516 0.640625 0.728516 0.630859 0.730469 0.628906 0.730469 0.605469
0 0.824219 0.455078 0.824219 0.457031 0.822266 0.458984 0.820312 0.464844 0.816406 0.468750 0.816406 0.472656 0.814453 0.474609 0.816406 0.474609 0.832031 0.490234 0.833984 0.490234 0.837891 0.494141 0.847656 0.494141 0.849609 0.496094 0.853516 0.496094 0.855469 0.498047 0.873047 0.498047 0.873047 0.482422 0.871094 0.480469 0.871094 0.474609 0.869141 0.472656 0.863281 0.470703 0.855469 0.462891 0.853516 0.462891 0.851562 0.460938 0.851562 0.458984 0.849609 0.458984 0.845703 0.455078
1 0.576172 0.828125 0.564453 0.830078 0.556641 0.837891 0.554688 0.837891 0.554688 0.839844 0.550781 0.841797 0.546875 0.847656 0.542969 0.847656 0.542969 0.849609 0.537109 0.853516 0.525391 0.851562 0.525391 0.886719 0.529297 0.882812 0.537109 0.878906 0.542969 0.873047 0.546875 0.873047 0.550781 0.869141 0.552734 0.869141 0.556641 0.865234 0.558594 0.865234 0.583984 0.847656 0.582031 0.845703 0.582031 0.841797 0.578125 0.835938
1 0.480469 0.998047 0.996094 0.998047 0.994141 0.732422 0.892578 0.679688 0.818359 0.714844 0.775391 0.691406 0.742188 0.697266 0.714844 0.675781 0.708984 0.712891 0.687500 0.724609 0.681641 0.773438 0.654297 0.791016 0.658203 0.849609 0.644531 0.863281 0.630859 0.847656 0.488281 0.943359
1 0.279297 0.349609 0.271484 0.355469 0.238281 0.416016 0.142578 0.542969 0.144531 0.548828 0.281250 0.373047
1 0.425781 0.292969 0.357422 0.257812 0.318359 0.285156 0.302734 0.328125 0.318359 0.333984 0.359375 0.285156 0.373047 0.287109 0.380859 0.291016 0.390625 0.291016 0.398438 0.294922 0.408203 0.294922 0.416016 0.298828
1 0.560547 0.000000 0.394531 0.220703 0.447266 0.259766 0.492188 0.777344 0.521484 0.759766 0.550781 0.808594 0.582031 0.761719 0.601562 0.835938 0.623047 0.812500 0.599609 0.716797 0.576172 0.705078 0.552734 0.767578 0.527344 0.687500 0.539062 0.542969 0.537109 0.583984 0.498047 0.404297 0.496094 0.271484 0.513672 0.240234 0.525391 0.263672 0.535156 0.250000 0.535156 0.287109 0.525391 0.166016 0.548828 0.166016 0.615234 0.097656 0.605469 0.042969 0.560547 0.056641 0.603516 0.005859
2 0.505859 0.771484 0.498047 0.789062 0.492188 0.832031 0.496094 0.843750 0.513672 0.820312 0.513672 0.798828 0.517578 0.791016 0.529297 0.796875 0.535156 0.820312 0.539062 0.822266 0.537109 0.835938 0.529297 0.849609 0.535156 0.851562 0.558594 0.828125 0.572266 0.822266 0.578125 0.826172 0.583984 0.845703 0.595703 0.835938 0.591797 0.789062 0.580078 0.767578 0.570312 0.775391 0.558594 0.802734 0.548828 0.812500 0.537109 0.781250 0.527344 0.767578 0.511719 0.767578
