0 0.261719 0.462891 0.242188 0.484375 0.269531 0.673828 0.279297 0.632812 0.302734 0.628906 0.285156 0.472656
0 0.269531 0.380859 0.255859 0.380859 0.234375 0.423828 0.208984 0.406250 0.208984 0.376953 0.189453 0.402344 0.144531 0.412109 0.117188 0.482422 0.082031 0.791016 0.130859 0.814453 0.201172 0.824219 0.203125 0.765625 0.187500 0.740234 0.197266 0.652344 0.230469 0.658203 0.244141 0.689453 0.207031 0.763672 0.207031 0.826172 0.318359 0.769531 0.314453 0.742188 0.277344 0.757812 0.234375 0.486328 0.214844 0.460938 0.218750 0.447266 0.269531 0.451172
0 0.992188 0.292969 0.933594 0.292969 0.851562 0.328125 0.765625 0.314453 0.792969 0.345703 0.853516 0.361328 0.863281 0.380859 0.833984 0.394531 0.707031 0.375000 0.644531 0.386719 0.644531 0.453125 0.695312 0.476562 0.636719 0.945312 0.716797 0.960938 0.742188 0.902344 0.783203 0.906250 0.804688 0.960938 0.906250 0.982422 0.857422 0.476562 0.910156 0.455078 0.916016 0.355469 0.998047 0.347656
0 0.572266 0.003906 0.556641 0.000000 0.566406 0.015625 0.546875 0.097656 0.525391 0.115234 0.527344 0.144531 0.500000 0.185547 0.492188 0.123047 0.478516 0.101562 0.460938 0.101562 0.431641 0.009766 0.416016 0.001953 0.412109 0.273438 0.400391 0.277344 0.396484 0.333984 0.412109 0.333984 0.410156 0.296875 0.429688 0.300781 0.417969 0.234375 0.437500 0.187500 0.478516 0.216797 0.498047 0.255859 0.498047 0.300781 0.550781 0.296875 0.548828 0.267578 0.576172 0.236328 0.582031 0.173828 0.566406 0.076172 0.578125 0.035156
1 0.201172 0.658203 0.195312 0.677734 0.191406 0.681641 0.191406 0.734375 0.195312 0.738281 0.205078 0.757812 0.207031 0.757812 0.207031 0.753906 0.214844 0.740234 0.218750 0.726562 0.240234 0.697266 0.228516 0.662109 0.216797 0.662109 0.214844 0.660156
1 0.300781 0.634766 0.296875 0.634766 0.294922 0.636719 0.283203 0.636719 0.283203 0.638672 0.281250 0.640625 0.281250 0.648438 0.279297 0.650391 0.279297 0.656250 0.275391 0.662109 0.275391 0.667969 0.273438 0.669922 0.273438 0.677734 0.277344 0.681641 0.279297 0.681641 0.287109 0.689453 0.287109 0.687500 0.289062 0.685547 0.291016 0.685547 0.291016 0.683594 0.296875 0.677734 0.298828 0.677734 0.298828 0.675781 0.306641 0.667969 0.306641 0.660156 0.304688 0.658203 0.304688 0.652344 0.302734 0.650391 0.302734 0.642578 0.300781 0.640625
1 0.314453 0.548828 0.310547 0.578125 0.335938 0.728516 0.367188 0.710938 0.367188 0.703125 0.359375 0.677734 0.333984 0.548828
1 0.996094 0.351562 0.962891 0.355469 0.960938 0.357422 0.935547 0.357422 0.933594 0.359375 0.916016 0.361328 0.916016 0.367188 0.914062 0.369141 0.916016 0.400391 0.923828 0.408203 0.935547 0.408203 0.939453 0.412109 0.943359 0.421875 0.949219 0.417969 0.955078 0.417969 0.958984 0.414062 0.958984 0.410156 0.968750 0.404297 0.974609 0.404297 0.996094 0.396484
1 0.001953 0.398438 0.082031 0.396484 0.087891 0.447266 0.125000 0.449219 0.142578 0.408203 0.210938 0.371094 0.296875 0.400391 0.375000 0.394531 0.394531 0.417969 0.402344 0.394531 0.492188 0.363281 0.570312 0.398438 0.705078 0.373047 0.847656 0.384766 0.843750 0.357422 0.802734 0.357422 0.759766 0.316406 0.802734 0.302734 0.818359 0.326172 0.951172 0.287109 0.996094 0.298828 0.998047 0.279297 0.482422 0.306641 0.482422 0.347656 0.285156 0.318359 0.037109 0.322266 0.001953 0.246094
1 0.435547 0.193359 0.429688 0.205078 0.419922 0.240234 0.423828 0.283203 0.431641 0.296875 0.455078 0.300781 0.494141 0.302734 0.494141 0.255859 0.478516 0.234375 0.476562 0.216797 0.468750 0.210938 0.464844 0.210938 0.447266 0.197266
1 0.431641 0.003906 0.453125 0.046875 0.466797 0.099609 0.478516 0.095703 0.494141 0.117188 0.500000 0.181641 0.513672 0.154297 0.523438 0.144531 0.521484 0.113281 0.539062 0.103516 0.546875 0.091797 0.560547 0.052734 0.564453 0.015625 0.552734 0.003906
2 0.769531 0.123047 0.740234 0.255859 0.695312 0.269531 0.683594 0.193359 0.667969 0.162109 0.658203 0.271484 0.625000 0.281250 0.583984 0.273438 0.568359 0.298828 0.792969 0.283203 0.802734 0.257812 0.769531 0.187500
