0 0.998047 0.681641 0.998047 0.607422 0.982422 0.597656 0.984375 0.574219 0.966797 0.570312 0.980469 0.535156 0.974609 0.527344 0.958984 0.611328 0.843750 0.585938 0.798828 0.599609 0.734375 0.576172 0.716797 0.597656
0 0.164062 0.478516 0.166016 0.515625 0.197266 0.494141 0.228516 0.513672 0.240234 0.554688 0.267578 0.558594 0.281250 0.677734 0.333984 0.650391 0.382812 0.697266 0.423828 0.679688 0.416016 0.630859 0.447266 0.619141 0.482422 0.640625 0.498047 0.632812 0.486328 0.566406
0 0.287109 0.253906 0.285156 0.255859 0.275391 0.255859 0.273438 0.257812 0.267578 0.259766 0.257812 0.267578 0.257812 0.273438 0.255859 0.275391 0.255859 0.283203 0.257812 0.285156 0.257812 0.294922 0.261719 0.300781 0.269531 0.300781 0.271484 0.302734 0.277344 0.304688 0.281250 0.300781 0.285156 0.300781 0.289062 0.296875 0.292969 0.296875 0.296875 0.292969 0.302734 0.291016 0.302734 0.287109 0.300781 0.285156 0.300781 0.269531 0.296875 0.265625 0.296875 0.263672
0 0.000000 0.306641 0.003906 0.351562 0.232422 0.337891 0.212891 0.322266 0.191406 0.328125 0.175781 0.324219 0.167969 0.308594 0.173828 0.283203 0.158203 0.251953 0.097656 0.251953 0.099609 0.263672 0.128906 0.273438 0.142578 0.271484 0.134766 0.257812 0.146484 0.257812 0.152344 0.320312 0.093750 0.322266 0.062500 0.302734
0 0.265625 0.117188 0.263672 0.121094 0.257812 0.125000 0.259766 0.142578 0.253906 0.148438 0.253906 0.187500 0.265625 0.201172 0.269531 0.208984 0.273438 0.199219 0.265625 0.183594 0.267578 0.181641 0.281250 0.181641 0.291016 0.171875 0.292969 0.171875 0.296875 0.166016 0.294922 0.164062 0.294922 0.152344 0.292969 0.152344 0.275391 0.136719 0.269531 0.125000 0.265625 0.121094
0 0.199219 0.107422 0.183594 0.126953 0.183594 0.134766 0.181641 0.136719 0.181641 0.144531 0.179688 0.146484 0.177734 0.158203 0.189453 0.171875 0.193359 0.179688 0.199219 0.205078 0.210938 0.205078 0.210938 0.181641 0.214844 0.177734 0.232422 0.173828 0.232422 0.138672 0.218750 0.113281 0.210938 0.109375
0 0.007812 0.042969 0.000000 0.068359 0.000000 0.212891 0.031250 0.212891 0.041016 0.199219 0.066406 0.195312 0.078125 0.218750 0.169922 0.222656 0.167969 0.191406 0.158203 0.185547 0.123047 0.181641 0.105469 0.167969 0.082031 0.169922 0.080078 0.183594 0.064453 0.169922 0.046875 0.144531 0.052734 0.117188 0.050781 0.068359 0.023438 0.042969
0 0.119141 0.001953 0.113281 0.005859 0.107422 0.005859 0.105469 0.007812 0.105469 0.015625 0.103516 0.017578 0.103516 0.027344 0.105469 0.029297 0.105469 0.031250 0.107422 0.033203 0.107422 0.035156 0.109375 0.037109 0.109375 0.039062 0.111328 0.041016 0.111328 0.042969 0.113281 0.044922 0.115234 0.050781 0.117188 0.048828 0.123047 0.048828 0.125000 0.046875 0.128906 0.046875 0.130859 0.044922 0.130859 0.035156 0.132812 0.033203 0.132812 0.019531 0.134766 0.017578 0.134766 0.015625 0.128906 0.009766 0.126953 0.009766
0 0.259766 0.000000 0.302734 0.044922 0.316406 0.390625 0.343750 0.349609 0.369141 0.376953 0.468750 0.339844 0.517578 0.414062 0.615234 0.404297 0.628906 0.455078 0.675781 0.466797 0.708984 0.437500 0.753906 0.458984 0.753906 0.490234 0.882812 0.476562 0.882812 0.515625 0.972656 0.494141 0.998047 0.005859 0.695312 0.001953 0.660156 0.048828 0.583984 0.046875 0.546875 0.000000 0.486328 0.005859 0.474609 0.027344 0.427734 0.000000 0.328125 0.021484
1 0.167969 0.519531 0.175781 0.601562 0.210938 0.632812 0.205078 0.660156 0.240234 0.720703 0.240234 0.746094 0.224609 0.767578 0.250000 0.781250 0.517578 0.664062 0.511719 0.640625 0.287109 0.742188 0.263672 0.560547 0.236328 0.556641 0.222656 0.511719 0.197266 0.498047
1 0.089844 0.431641 0.091797 0.458984 0.998047 0.722656 0.992188 0.683594 0.712891 0.597656 0.734375 0.574219 0.958984 0.605469 0.958984 0.511719 0.882812 0.517578 0.880859 0.482422 0.750000 0.496094 0.748047 0.460938 0.708984 0.447266 0.673828 0.480469 0.621094 0.457031 0.611328 0.412109 0.507812 0.416016 0.466797 0.345703 0.367188 0.390625 0.337891 0.361328 0.316406 0.396484 0.250000 0.400391 0.203125 0.376953 0.238281 0.375000 0.257812 0.337891 0.167969 0.343750 0.173828 0.417969
1 0.000000 0.216797 0.000000 0.244141 0.179688 0.250000 0.207031 0.246094 0.212891 0.232422 0.191406 0.224609 0.078125 0.224609 0.064453 0.201172 0.044922 0.201172 0.031250 0.214844
