0 0.470703 0.871094 0.431641 0.875000 0.427734 0.882812 0.431641 0.890625 0.419922 0.900391 0.416016 0.900391 0.412109 0.906250 0.417969 0.917969 0.427734 0.906250 0.431641 0.910156 0.433594 0.919922 0.412109 0.957031 0.451172 0.957031 0.451172 0.914062 0.462891 0.902344 0.462891 0.896484 0.457031 0.888672
0 0.996094 0.757812 0.970703 0.773438 0.828125 0.970703 0.835938 0.972656 0.869141 0.951172 0.869141 0.935547 0.876953 0.923828 0.873047 0.917969 0.914062 0.884766 0.919922 0.867188 0.931641 0.865234 0.939453 0.882812 0.962891 0.882812 0.998047 0.843750 0.994141 0.828125 0.978516 0.826172 0.996094 0.800781
0 0.476562 0.738281 0.458984 0.740234 0.457031 0.767578 0.439453 0.773438 0.431641 0.771484 0.431641 0.757812 0.404297 0.753906 0.408203 0.769531 0.423828 0.779297 0.421875 0.800781 0.425781 0.814453 0.433594 0.810547 0.439453 0.812500 0.437500 0.822266 0.421875 0.832031 0.410156 0.826172 0.410156 0.810547 0.396484 0.810547 0.396484 0.857422 0.410156 0.869141 0.451172 0.855469 0.474609 0.824219 0.474609 0.816406 0.460938 0.792969 0.474609 0.781250
0 0.412109 0.638672 0.412109 0.642578 0.402344 0.660156 0.402344 0.693359 0.400391 0.695312 0.398438 0.708984 0.419922 0.722656 0.427734 0.722656 0.435547 0.726562 0.445312 0.726562 0.447266 0.728516 0.464844 0.701172 0.455078 0.685547 0.441406 0.656250 0.431641 0.648438 0.427734 0.648438
0 0.289062 0.546875 0.248047 0.546875 0.246094 0.548828 0.222656 0.548828 0.220703 0.550781 0.179688 0.550781 0.195312 0.566406 0.199219 0.568359 0.210938 0.568359 0.212891 0.566406 0.224609 0.566406 0.230469 0.552734 0.236328 0.558594 0.244141 0.562500 0.253906 0.562500 0.261719 0.558594 0.283203 0.560547
0 0.365234 0.460938 0.361328 0.455078 0.343750 0.453125 0.332031 0.460938 0.273438 0.455078 0.261719 0.449219 0.062500 0.458984 0.099609 0.478516 0.363281 0.466797
0 0.626953 0.265625 0.623047 0.273438 0.625000 0.294922 0.681641 0.333984 0.689453 0.330078 0.718750 0.355469 0.732422 0.347656 0.726562 0.332031 0.710938 0.320312 0.707031 0.320312 0.671875 0.294922 0.662109 0.291016
0 0.132812 0.232422 0.136719 0.251953 0.367188 0.419922 0.375000 0.414062 0.367188 0.396484 0.236328 0.302734 0.230469 0.306641 0.150391 0.253906 0.146484 0.240234
0 0.634766 0.162109 0.628906 0.212891 0.867188 0.220703 0.845703 0.205078 0.781250 0.205078 0.753906 0.195312 0.753906 0.191406 0.787109 0.191406 0.789062 0.187500 0.763672 0.164062
0 0.484375 0.085938 0.451172 0.109375 0.445312 0.205078 0.480469 0.244141 0.449219 0.244141 0.433594 0.291016 0.443359 0.318359 0.453125 0.322266 0.439453 0.369141 0.427734 0.380859 0.437500 0.439453 0.453125 0.427734 0.449219 0.392578 0.455078 0.375000 0.468750 0.367188 0.464844 0.357422 0.480469 0.355469 0.505859 0.322266 0.535156 0.259766 0.550781 0.251953 0.566406 0.216797 0.568359 0.162109 0.550781 0.134766 0.521484 0.148438 0.488281 0.144531 0.498047 0.107422
0 0.000000 0.042969 0.000000 0.054688 0.011719 0.054688 0.013672 0.056641 0.048828 0.054688 0.076172 0.072266 0.103516 0.074219 0.109375 0.078125 0.115234 0.078125 0.117188 0.074219 0.115234 0.068359 0.089844 0.050781 0.064453 0.054688 0.058594 0.050781 0.052734 0.050781 0.039062 0.044922
1 0.396484 0.892578 0.396484 0.996094 0.400391 0.998047 0.400391 0.986328 0.406250 0.976562 0.408203 0.958984 0.410156 0.955078 0.408203 0.953125 0.408203 0.945312 0.406250 0.943359 0.406250 0.910156 0.402344 0.906250
1 0.523438 0.841797 0.511719 0.865234 0.507812 0.906250 0.500000 0.912109 0.498047 0.904297 0.488281 0.904297 0.486328 0.912109 0.488281 0.929688 0.494141 0.927734 0.500000 0.929688 0.500000 0.945312 0.492188 0.951172 0.492188 0.964844 0.505859 0.964844 0.507812 0.960938 0.519531 0.888672 0.523438 0.876953
1 0.570312 0.572266 0.562500 0.572266 0.562500 0.591797 0.552734 0.603516 0.556641 0.625000 0.554688 0.632812 0.544922 0.642578 0.537109 0.675781 0.507812 0.691406 0.515625 0.699219 0.515625 0.712891 0.525391 0.707031 0.535156 0.714844 0.529297 0.726562 0.539062 0.734375 0.531250 0.744141 0.525391 0.765625 0.533203 0.771484 0.544922 0.736328
1 0.201172 0.218750 0.205078 0.220703 0.253906 0.220703 0.255859 0.218750 0.302734 0.218750 0.304688 0.216797 0.308594 0.216797 0.304688 0.214844 0.292969 0.214844 0.283203 0.210938 0.271484 0.210938 0.269531 0.208984 0.263672 0.208984 0.261719 0.210938 0.244141 0.210938 0.242188 0.212891 0.228516 0.214844 0.220703 0.208984
1 0.406250 0.001953 0.384766 0.001953 0.384766 0.152344 0.166016 0.167969 0.218750 0.189453 0.281250 0.164062 0.304688 0.177734 0.324219 0.162109 0.341797 0.187500 0.386719 0.166016 0.386719 0.431641 0.265625 0.443359 0.386719 0.455078 0.390625 0.710938 0.412109 0.582031 0.398438 0.566406 0.414062 0.541016 0.398438 0.384766 0.435547 0.369141 0.449219 0.324219 0.410156 0.277344 0.429688 0.150391 0.414062 0.132812
1 0.658203 0.001953 0.621094 0.000000 0.638672 0.074219 0.625000 0.074219 0.623047 0.121094 0.587891 0.160156 0.593750 0.230469 0.578125 0.230469 0.585938 0.263672 0.562500 0.253906 0.566406 0.273438 0.548828 0.283203 0.539062 0.263672 0.503906 0.371094 0.509766 0.417969 0.537109 0.437500 0.552734 0.480469 0.529297 0.500000 0.521484 0.488281 0.519531 0.505859 0.552734 0.566406 0.574219 0.548828 0.583984 0.484375 0.570312 0.458984 0.576172 0.445312 0.589844 0.451172
