0 0.777344 0.662109 0.759766 0.685547 0.917969 0.847656 0.941406 0.824219 0.917969 0.798828 0.919922 0.732422 0.931641 0.724609 0.927734 0.716797 0.906250 0.724609 0.865234 0.703125 0.900391 0.707031 0.916016 0.691406 0.917969 0.662109 0.902344 0.640625 0.890625 0.632812 0.867188 0.640625 0.853516 0.666016 0.859375 0.703125 0.796875 0.679688
0 0.921875 0.423828 0.919922 0.425781 0.910156 0.427734 0.896484 0.441406 0.896484 0.443359 0.890625 0.449219 0.888672 0.464844 0.896484 0.480469 0.904297 0.488281 0.929688 0.490234 0.939453 0.480469 0.939453 0.478516 0.951172 0.464844 0.949219 0.462891 0.949219 0.457031 0.947266 0.455078 0.947266 0.449219 0.945312 0.447266 0.943359 0.431641 0.939453 0.427734 0.931641 0.423828
0 0.111328 0.328125 0.111328 0.332031 0.113281 0.333984 0.113281 0.351562 0.115234 0.353516 0.115234 0.371094 0.117188 0.373047 0.117188 0.392578 0.119141 0.394531 0.119141 0.396484 0.123047 0.392578 0.125000 0.392578 0.132812 0.386719 0.132812 0.373047 0.130859 0.371094 0.130859 0.332031
0 0.937500 0.298828 0.914062 0.322266 0.912109 0.322266 0.908203 0.328125 0.906250 0.328125 0.906250 0.335938 0.908203 0.337891 0.912109 0.363281 0.916016 0.363281 0.919922 0.367188 0.923828 0.367188 0.927734 0.371094 0.931641 0.371094 0.943359 0.378906 0.966797 0.357422 0.966797 0.351562 0.970703 0.341797 0.970703 0.333984 0.972656 0.332031 0.972656 0.324219 0.966797 0.312500 0.964844 0.302734 0.951172 0.302734 0.949219 0.300781 0.941406 0.300781
0 0.847656 0.287109 0.845703 0.289062 0.839844 0.289062 0.833984 0.292969 0.828125 0.292969 0.816406 0.298828 0.812500 0.298828 0.806641 0.310547 0.804688 0.333984 0.810547 0.345703 0.822266 0.355469 0.824219 0.363281 0.832031 0.357422 0.851562 0.355469 0.867188 0.337891 0.869141 0.318359 0.867188 0.316406 0.865234 0.300781
0 0.802734 0.066406 0.748047 0.001953 0.685547 0.009766 0.679688 0.361328 0.662109 0.375000 0.654297 0.199219 0.625000 0.271484 0.613281 0.453125 0.244141 0.357422 0.240234 0.392578 0.285156 0.429688 0.328125 0.406250 0.382812 0.453125 0.425781 0.421875 0.486328 0.476562 0.544922 0.494141 0.568359 0.466797 0.595703 0.498047 0.603516 0.480469 0.675781 0.521484 0.720703 0.513672 0.626953 0.458984 0.634766 0.433594 0.718750 0.451172 0.730469 0.421875 0.697266 0.416016 0.716797 0.027344 0.744141 0.017578
1 0.990234 0.791016 0.917969 0.849609 0.998047 0.941406 0.996094 0.791016
1 0.921875 0.541016 0.914062 0.537109 0.906250 0.537109 0.902344 0.535156 0.900391 0.537109 0.892578 0.537109 0.886719 0.541016 0.880859 0.541016 0.876953 0.542969 0.875000 0.550781 0.869141 0.560547 0.867188 0.570312 0.873047 0.578125 0.884766 0.603516 0.888672 0.603516 0.890625 0.601562 0.912109 0.601562 0.914062 0.599609 0.917969 0.599609 0.923828 0.591797 0.933594 0.572266 0.927734 0.560547
1 0.835938 0.400391 0.828125 0.400391 0.826172 0.402344 0.814453 0.402344 0.800781 0.416016 0.800781 0.419922 0.796875 0.427734 0.796875 0.437500 0.798828 0.439453 0.798828 0.447266 0.800781 0.449219 0.802734 0.462891 0.806641 0.464844 0.810547 0.464844 0.812500 0.466797 0.820312 0.466797 0.822266 0.468750 0.830078 0.470703 0.849609 0.451172 0.847656 0.419922
1 0.060547 0.423828 0.710938 0.685547 0.722656 0.664062 0.757812 0.677734 0.773438 0.634766 0.785156 0.667969 0.820312 0.664062 0.826172 0.632812 0.798828 0.605469 0.783203 0.533203 0.791016 0.513672 0.787109 0.562500 0.814453 0.576172 0.833984 0.521484 0.796875 0.505859 0.779297 0.419922 0.732422 0.421875 0.718750 0.457031 0.634766 0.437500 0.628906 0.462891 0.724609 0.503906 0.701172 0.527344 0.603516 0.482422 0.595703 0.500000 0.570312 0.470703 0.544922 0.498047 0.509766 0.474609 0.486328 0.482422 0.427734 0.427734 0.382812 0.458984 0.328125 0.412109 0.285156 0.433594 0.185547 0.369141
1 0.652344 0.013672 0.634766 0.013672 0.621094 0.039062 0.597656 0.048828 0.578125 0.113281 0.617188 0.173828 0.626953 0.177734 0.623047 0.257812 0.636719 0.236328 0.652344 0.195312 0.642578 0.162109 0.648438 0.140625 0.642578 0.109375 0.636719 0.105469 0.638672 0.048828 0.648438 0.035156
