0 0.240234 0.492188 0.236328 0.474609 0.228516 0.478516 0.212891 0.480469 0.199219 0.460938 0.185547 0.468750 0.169922 0.468750 0.146484 0.474609 0.109375 0.476562 0.091797 0.486328 0.097656 0.496094 0.101562 0.494141 0.107422 0.496094 0.123047 0.513672 0.136719 0.509766 0.152344 0.500000 0.195312 0.503906
0 0.466797 0.412109 0.447266 0.427734 0.449219 0.437500 0.435547 0.455078 0.431641 0.449219 0.429688 0.433594 0.421875 0.431641 0.416016 0.478516 0.390625 0.490234 0.384766 0.490234 0.369141 0.513672 0.406250 0.496094 0.435547 0.472656 0.439453 0.460938
0 0.687500 0.332031 0.685547 0.332031 0.679688 0.335938 0.673828 0.335938 0.667969 0.339844 0.662109 0.339844 0.658203 0.343750 0.658203 0.351562 0.656250 0.353516 0.656250 0.359375 0.654297 0.361328 0.654297 0.369141 0.650391 0.375000 0.650391 0.382812 0.648438 0.384766 0.648438 0.388672 0.652344 0.388672 0.656250 0.384766 0.660156 0.384766 0.666016 0.378906 0.669922 0.378906 0.673828 0.375000 0.677734 0.375000 0.681641 0.371094 0.685547 0.371094 0.689453 0.367188 0.689453 0.351562 0.687500 0.349609
0 0.519531 0.263672 0.515625 0.267578 0.515625 0.296875 0.517578 0.298828 0.517578 0.308594 0.517578 0.306641 0.527344 0.296875 0.529297 0.292969 0.533203 0.296875 0.537109 0.296875 0.546875 0.304688 0.550781 0.304688 0.552734 0.306641 0.552734 0.302734 0.550781 0.300781 0.550781 0.281250 0.548828 0.279297 0.548828 0.263672 0.541016 0.269531 0.535156 0.269531 0.527344 0.263672
0 0.365234 0.261719 0.371094 0.302734 0.382812 0.291016 0.396484 0.322266 0.404297 0.371094 0.484375 0.384766 0.500000 0.371094 0.505859 0.343750 0.513672 0.355469 0.511719 0.328125 0.498047 0.316406 0.494141 0.291016 0.505859 0.259766 0.478516 0.259766 0.486328 0.273438 0.482422 0.312500 0.478516 0.314453 0.472656 0.306641 0.457031 0.335938 0.437500 0.330078 0.447266 0.283203 0.433594 0.271484 0.431641 0.259766 0.373047 0.253906
0 0.357422 0.175781 0.332031 0.212891 0.304688 0.189453 0.273438 0.183594 0.242188 0.210938 0.255859 0.265625 0.251953 0.339844 0.271484 0.378906 0.312500 0.359375 0.310547 0.302734 0.328125 0.287109 0.318359 0.259766 0.326172 0.246094 0.337891 0.246094 0.347656 0.253906 0.357422 0.246094
0 0.464844 0.171875 0.457031 0.171875 0.449219 0.175781 0.441406 0.175781 0.437500 0.177734 0.437500 0.189453 0.435547 0.191406 0.435547 0.199219 0.433594 0.201172 0.433594 0.214844 0.431641 0.216797 0.431641 0.220703 0.439453 0.234375 0.443359 0.248047 0.447266 0.246094 0.457031 0.246094 0.462891 0.242188 0.470703 0.242188 0.474609 0.228516 0.478516 0.224609 0.480469 0.214844 0.484375 0.208984 0.484375 0.205078 0.478516 0.193359 0.474609 0.191406
0 0.390625 0.164062 0.388672 0.164062 0.384766 0.171875 0.378906 0.167969 0.363281 0.185547 0.363281 0.212891 0.367188 0.222656 0.369141 0.238281 0.373047 0.238281 0.378906 0.242188 0.384766 0.242188 0.386719 0.244141 0.388672 0.242188 0.392578 0.242188 0.394531 0.238281 0.396484 0.238281 0.410156 0.226562 0.410156 0.222656 0.408203 0.220703 0.408203 0.195312 0.406250 0.193359 0.406250 0.185547 0.400391 0.179688 0.398438 0.173828
1 0.656250 0.343750 0.605469 0.353516 0.531250 0.390625 0.517578 0.388672 0.505859 0.345703 0.503906 0.373047 0.482422 0.392578 0.439453 0.472656 0.406250 0.498047 0.558594 0.550781 0.552734 0.519531 0.437500 0.476562 0.541016 0.421875 0.574219 0.417969 0.646484 0.388672
1 0.328125 0.250000 0.322266 0.265625 0.330078 0.287109 0.314453 0.300781 0.314453 0.357422 0.326172 0.363281 0.341797 0.337891 0.367188 0.337891 0.386719 0.367188 0.402344 0.369141 0.394531 0.328125 0.382812 0.298828 0.378906 0.298828 0.373047 0.306641 0.369141 0.304688 0.363281 0.283203 0.361328 0.253906 0.357422 0.251953 0.343750 0.255859 0.335938 0.250000
2 0.712891 0.457031 0.603516 0.423828 0.576172 0.437500 0.541016 0.427734 0.439453 0.476562 0.554688 0.517578 0.558594 0.552734 0.404297 0.500000 0.212891 0.580078 0.273438 0.634766 0.546875 0.767578 0.542969 0.724609 0.722656 0.548828 0.660156 0.531250 0.710938 0.482422
