0 0.470703 0.882812 0.474609 0.886719 0.484375 0.886719 0.496094 0.892578 0.523438 0.896484 0.558594 0.908203 0.568359 0.908203 0.597656 0.917969 0.609375 0.917969 0.621094 0.923828 0.656250 0.931641 0.636719 0.910156 0.619141 0.904297 0.562500 0.894531 0.548828 0.888672 0.492188 0.878906 0.474609 0.873047
0 0.359375 0.716797 0.351562 0.738281 0.345703 0.824219 0.353516 0.828125 0.363281 0.828125 0.369141 0.832031 0.380859 0.833984 0.380859 0.830078 0.373047 0.816406 0.371094 0.750000 0.382812 0.736328 0.384766 0.728516 0.367188 0.720703 0.363281 0.716797
0 0.306641 0.640625 0.291016 0.679688 0.294922 0.708984 0.285156 0.728516 0.283203 0.703125 0.273438 0.703125 0.275391 0.736328 0.267578 0.761719 0.275391 0.785156 0.285156 0.775391 0.291016 0.777344 0.292969 0.796875 0.300781 0.800781
0 0.289062 0.498047 0.285156 0.501953 0.281250 0.501953 0.279297 0.503906 0.277344 0.503906 0.277344 0.539062 0.279297 0.541016 0.279297 0.554688 0.287109 0.562500 0.287109 0.564453 0.287109 0.531250 0.289062 0.529297
0 0.398438 0.476562 0.388672 0.525391 0.386719 0.689453 0.417969 0.677734 0.421875 0.681641 0.425781 0.714844 0.435547 0.689453 0.435547 0.580078 0.416016 0.554688 0.416016 0.509766 0.421875 0.482422
0 0.332031 0.455078 0.306641 0.462891 0.306641 0.474609 0.318359 0.478516 0.310547 0.511719 0.318359 0.517578 0.310547 0.517578 0.306641 0.591797 0.320312 0.595703 0.332031 0.544922 0.341797 0.552734 0.341797 0.628906 0.330078 0.667969 0.349609 0.734375 0.353516 0.535156 0.369141 0.496094 0.365234 0.484375 0.375000 0.478516 0.375000 0.460938
0 0.091797 0.423828 0.091797 0.437500 0.101562 0.445312 0.101562 0.468750 0.097656 0.476562 0.097656 0.482422 0.101562 0.486328 0.107422 0.501953 0.111328 0.503906 0.113281 0.511719 0.142578 0.513672 0.156250 0.496094 0.160156 0.464844 0.169922 0.453125 0.162109 0.425781 0.152344 0.423828 0.115234 0.423828 0.113281 0.421875
0 0.527344 0.351562 0.525391 0.353516 0.525391 0.357422 0.523438 0.359375 0.521484 0.359375 0.521484 0.361328 0.517578 0.367188 0.517578 0.404297 0.519531 0.406250 0.529297 0.406250 0.535156 0.400391 0.535156 0.396484 0.539062 0.392578 0.539062 0.390625 0.537109 0.388672 0.537109 0.384766 0.535156 0.382812 0.535156 0.376953 0.533203 0.375000 0.533203 0.369141 0.529297 0.363281 0.529297 0.357422 0.527344 0.355469
0 0.998047 0.291016 0.972656 0.337891 0.916016 0.365234 0.919922 0.396484 0.910156 0.417969 0.947266 0.466797 0.958984 0.458984 0.972656 0.472656 0.974609 0.486328 0.951172 0.519531 0.939453 0.556641 0.958984 0.625000 0.943359 0.640625 0.941406 0.697266 0.953125 0.736328 0.998047 0.740234 0.998047 0.460938 0.984375 0.458984 0.984375 0.412109 0.957031 0.398438 0.998047 0.384766
0 0.437500 0.279297 0.437500 0.373047 0.453125 0.378906 0.451172 0.466797 0.439453 0.474609 0.439453 0.751953 0.464844 0.775391 0.462891 0.824219 0.482422 0.828125 0.476562 0.703125 0.443359 0.673828 0.460938 0.654297 0.453125 0.621094 0.464844 0.609375 0.501953 0.613281 0.503906 0.517578 0.478516 0.486328 0.498047 0.453125 0.498047 0.310547 0.482422 0.300781 0.451172 0.310547 0.453125 0.285156
0 0.333984 0.144531 0.328125 0.156250 0.322266 0.162109 0.324219 0.167969 0.328125 0.171875 0.328125 0.175781 0.335938 0.193359 0.351562 0.187500 0.355469 0.191406 0.361328 0.191406 0.365234 0.195312 0.365234 0.220703 0.375000 0.208984 0.378906 0.207031 0.392578 0.191406 0.394531 0.191406 0.394531 0.167969 0.380859 0.162109 0.375000 0.162109 0.365234 0.156250 0.355469 0.154297 0.351562 0.150391 0.343750 0.150391 0.339844 0.146484
0 0.669922 0.099609 0.640625 0.187500 0.636719 0.150391 0.546875 0.212891 0.550781 0.259766 0.574219 0.271484 0.521484 0.509766 0.542969 0.673828 0.529297 0.832031 0.546875 0.814453 0.560547 0.841797 0.607422 0.833984 0.666016 0.880859 0.705078 0.853516 0.718750 0.890625 0.751953 0.853516 0.777344 0.734375 0.724609 0.859375 0.701172 0.830078 0.617188 0.824219 0.548828 0.613281 0.564453 0.562500 0.720703 0.519531 0.773438 0.597656 0.742188 0.300781 0.687500 0.277344 0.689453 0.210938 0.662109 0.279297 0.648438 0.220703 0.634766 0.230469 0.642578 0.197266 0.708984 0.187500 0.708984 0.117188
0 0.173828 0.121094 0.177734 0.125000 0.183594 0.121094 0.189453 0.121094 0.195312 0.117188 0.201172 0.117188 0.203125 0.115234 0.205078 0.115234 0.210938 0.111328 0.214844 0.111328 0.210938 0.107422 0.207031 0.107422 0.201172 0.103516 0.197266 0.103516 0.195312 0.101562 0.193359 0.101562 0.189453 0.097656 0.185547 0.097656 0.183594 0.095703 0.181641 0.097656 0.181641 0.101562 0.177734 0.107422 0.177734 0.111328 0.173828 0.115234
0 0.949219 0.027344 0.917969 0.029297 0.890625 0.064453 0.894531 0.140625 0.949219 0.117188 0.968750 0.074219 0.980469 0.087891 0.998047 0.119141 0.998047 0.095703 0.992188 0.068359 0.966797 0.056641
1 0.330078 0.767578 0.328125 0.769531 0.322266 0.769531 0.320312 0.771484 0.318359 0.771484 0.318359 0.775391 0.316406 0.777344 0.314453 0.777344 0.314453 0.779297 0.312500 0.781250 0.312500 0.785156 0.314453 0.787109 0.314453 0.802734 0.316406 0.804688 0.316406 0.808594 0.328125 0.808594 0.330078 0.806641 0.341797 0.806641 0.341797 0.802734 0.339844 0.800781 0.339844 0.796875 0.337891 0.794922 0.337891 0.789062 0.333984 0.785156 0.333984 0.777344 0.332031 0.775391 0.332031 0.771484 0.330078 0.769531
1 0.419922 0.681641 0.390625 0.691406 0.386719 0.734375 0.373047 0.750000 0.375000 0.814453 0.384766 0.833984 0.412109 0.816406 0.439453 0.832031 0.458984 0.816406 0.460938 0.777344 0.441406 0.755859 0.441406 0.794922 0.437500 0.794922 0.437500 0.689453 0.425781 0.718750 0.421875 0.714844
1 0.238281 0.666016 0.230469 0.779297 0.240234 0.800781 0.246094 0.794922 0.267578 0.783203 0.267578 0.765625 0.265625 0.763672 0.263672 0.677734
1 0.158203 0.648438 0.158203 0.652344 0.154297 0.658203 0.154297 0.662109 0.150391 0.666016 0.150391 0.669922 0.146484 0.675781 0.146484 0.679688 0.140625 0.689453 0.140625 0.693359 0.138672 0.695312 0.138672 0.697266 0.136719 0.699219 0.136719 0.703125 0.134766 0.705078 0.134766 0.707031 0.136719 0.708984 0.142578 0.708984 0.144531 0.710938 0.154297 0.710938 0.156250 0.712891 0.158203 0.712891
1 0.197266 0.632812 0.191406 0.634766 0.191406 0.705078 0.203125 0.669922 0.208984 0.677734 0.210938 0.689453 0.189453 0.734375 0.205078 0.781250 0.214844 0.779297 0.220703 0.677734 0.210938 0.662109 0.205078 0.669922 0.203125 0.667969 0.205078 0.660156 0.201172 0.636719
1 0.464844 0.613281 0.451172 0.628906 0.462891 0.640625 0.462891 0.656250 0.445312 0.673828 0.480469 0.701172 0.484375 0.824219 0.501953 0.822266 0.498047 0.617188
1 0.720703 0.521484 0.570312 0.562500 0.550781 0.603516 0.562500 0.689453 0.617188 0.818359 0.701172 0.828125 0.724609 0.855469 0.751953 0.796875 0.767578 0.718750 0.779297 0.734375 0.777344 0.800781 0.794922 0.779297 0.794922 0.720703 0.777344 0.705078 0.785156 0.671875 0.765625 0.667969 0.773438 0.615234 0.736328 0.576172 0.740234 0.531250
1 0.589844 0.396484 0.576172 0.410156 0.576172 0.439453 0.585938 0.441406 0.580078 0.458984 0.591797 0.478516 0.585938 0.517578 0.589844 0.521484 0.593750 0.537109 0.621094 0.539062 0.642578 0.509766 0.636719 0.482422 0.609375 0.480469 0.597656 0.476562 0.609375 0.451172 0.599609 0.443359 0.599609 0.429688 0.611328 0.427734 0.605469 0.402344
1 0.988281 0.291016 0.951172 0.277344 0.945312 0.279297 0.939453 0.285156 0.935547 0.285156 0.919922 0.294922 0.892578 0.306641 0.888672 0.310547 0.894531 0.332031 0.902344 0.326172 0.908203 0.328125 0.906250 0.355469 0.917969 0.361328 0.927734 0.357422 0.933594 0.351562 0.937500 0.351562 0.943359 0.345703 0.947266 0.345703 0.968750 0.333984
1 0.363281 0.298828 0.369141 0.298828 0.371094 0.300781 0.380859 0.300781 0.382812 0.298828 0.388672 0.298828 0.400391 0.292969 0.398438 0.291016 0.398438 0.287109 0.400391 0.285156 0.404297 0.285156 0.406250 0.283203 0.416016 0.283203 0.421875 0.279297 0.429688 0.277344 0.427734 0.273438 0.427734 0.261719 0.425781 0.257812 0.380859 0.257812 0.373047 0.267578 0.373047 0.269531 0.367188 0.275391 0.367188 0.279297 0.365234 0.281250 0.365234 0.294922
1 0.457031 0.205078 0.437500 0.218750 0.439453 0.277344 0.449219 0.279297 0.457031 0.285156 0.455078 0.287109 0.453125 0.304688 0.464844 0.306641 0.478516 0.298828 0.478516 0.285156 0.474609 0.271484 0.474609 0.251953 0.472656 0.250000 0.472656 0.232422 0.478516 0.222656 0.480469 0.214844 0.470703 0.208984 0.462891 0.208984
1 0.751953 0.144531 0.800781 0.666016 0.828125 0.753906 0.808594 0.763672 0.822266 0.859375 0.886719 0.859375 0.832031 0.244141 0.796875 0.222656 0.828125 0.193359
1 0.603516 0.062500 0.583984 0.052734 0.566406 0.054688 0.550781 0.042969 0.439453 0.177734 0.443359 0.191406 0.482422 0.199219 0.513672 0.162109 0.539062 0.160156 0.537109 0.140625 0.562500 0.095703
1 0.744141 0.005859 0.746094 0.007812 0.746094 0.015625 0.753906 0.019531 0.767578 0.031250 0.773438 0.033203 0.775391 0.037109 0.781250 0.041016 0.785156 0.041016 0.789062 0.046875 0.794922 0.048828 0.800781 0.052734 0.802734 0.056641 0.808594 0.058594 0.816406 0.064453 0.812500 0.058594 0.812500 0.050781 0.810547 0.048828 0.810547 0.042969 0.808594 0.041016 0.808594 0.035156 0.804688 0.025391 0.804688 0.017578 0.800781 0.011719 0.798828 0.001953
