0 0.701172 0.800781 0.740234 0.810547 0.746094 0.771484 0.806641 0.769531 0.812500 0.755859 0.804688 0.726562 0.714844 0.714844 0.712891 0.767578
0 0.330078 0.687500 0.320312 0.708984 0.335938 0.718750 0.335938 0.763672 0.375000 0.775391 0.386719 0.771484 0.388672 0.761719 0.394531 0.755859 0.410156 0.753906 0.410156 0.744141 0.369141 0.734375 0.349609 0.722656 0.357422 0.720703 0.363281 0.724609 0.378906 0.726562 0.386719 0.720703 0.402344 0.714844 0.394531 0.691406 0.371094 0.687500
0 0.439453 0.650391 0.421875 0.650391 0.421875 0.666016 0.423828 0.667969 0.423828 0.683594 0.419922 0.687500 0.419922 0.689453 0.414062 0.697266 0.414062 0.714844 0.417969 0.714844 0.419922 0.712891 0.425781 0.710938 0.425781 0.701172 0.423828 0.699219 0.423828 0.697266 0.429688 0.691406 0.429688 0.689453 0.435547 0.681641 0.435547 0.669922 0.437500 0.667969 0.437500 0.654297 0.439453 0.652344
0 0.462891 0.642578 0.449219 0.642578 0.449219 0.667969 0.451172 0.669922 0.451172 0.677734 0.449219 0.679688 0.447266 0.685547 0.443359 0.689453 0.443359 0.691406 0.445312 0.693359 0.445312 0.703125 0.455078 0.703125 0.455078 0.689453 0.457031 0.687500 0.457031 0.683594 0.458984 0.681641 0.460938 0.681641 0.460938 0.664062 0.462891 0.662109
0 0.185547 0.658203 0.199219 0.658203 0.201172 0.660156 0.208984 0.660156 0.210938 0.662109 0.228516 0.662109 0.230469 0.664062 0.238281 0.664062 0.240234 0.666016 0.244141 0.666016 0.240234 0.662109 0.240234 0.660156 0.238281 0.658203 0.238281 0.656250 0.234375 0.652344 0.234375 0.650391 0.222656 0.636719 0.222656 0.634766 0.207031 0.634766 0.199219 0.642578 0.199219 0.644531 0.197266 0.646484 0.195312 0.646484 0.195312 0.648438 0.193359 0.650391 0.191406 0.650391 0.191406 0.652344 0.189453 0.654297 0.187500 0.654297 0.187500 0.656250
0 0.867188 0.623047 0.867188 0.628906 0.869141 0.630859 0.869141 0.654297 0.871094 0.656250 0.871094 0.681641 0.869141 0.683594 0.869141 0.693359 0.867188 0.695312 0.867188 0.701172 0.871094 0.701172 0.873047 0.703125 0.890625 0.703125 0.890625 0.623047
0 0.000000 0.636719 0.009766 0.636719 0.019531 0.640625 0.031250 0.640625 0.039062 0.644531 0.052734 0.644531 0.062500 0.648438 0.062500 0.644531 0.064453 0.642578 0.064453 0.630859 0.072266 0.623047 0.076172 0.623047 0.080078 0.619141 0.083984 0.619141 0.085938 0.617188 0.076172 0.617188 0.066406 0.613281 0.054688 0.613281 0.046875 0.609375 0.033203 0.609375 0.031250 0.607422 0.025391 0.607422 0.021484 0.605469 0.003906 0.623047 0.003906 0.628906
0 0.839844 0.517578 0.818359 0.541016 0.845703 0.595703 0.849609 0.599609 0.859375 0.599609 0.867188 0.603516 0.876953 0.603516 0.884766 0.607422 0.914062 0.613281 0.914062 0.591797 0.876953 0.583984 0.865234 0.578125 0.843750 0.517578
0 0.998047 0.515625 0.970703 0.531250 0.958984 0.517578 0.921875 0.548828 0.921875 0.599609 0.931641 0.640625 0.919922 0.664062 0.927734 0.677734 0.947266 0.662109 0.970703 0.673828 0.996094 0.658203
0 0.710938 0.421875 0.681641 0.447266 0.681641 0.453125 0.679688 0.455078 0.677734 0.492188 0.691406 0.517578 0.695312 0.529297 0.718750 0.521484 0.736328 0.488281 0.736328 0.480469 0.734375 0.478516 0.734375 0.470703 0.732422 0.468750 0.726562 0.435547 0.722656 0.429688
0 0.662109 0.000000 0.574219 0.000000 0.548828 0.470703 0.556641 0.480469 0.609375 0.484375 0.593750 0.453125 0.611328 0.439453 0.613281 0.474609 0.636719 0.412109
0 0.339844 0.000000 0.308594 0.505859 0.328125 0.349609 0.353516 0.449219 0.376953 0.359375 0.404297 0.361328 0.392578 0.623047 0.437500 0.626953 0.488281 0.353516 0.511719 0.000000
1 0.425781 0.863281 0.429688 0.923828 0.695312 0.998047 0.695312 0.958984 0.683594 0.927734 0.474609 0.871094 0.484375 0.847656 0.445312 0.847656
1 0.808594 0.724609 0.816406 0.746094 0.810547 0.771484 0.998047 0.802734 0.998047 0.767578 0.990234 0.763672 0.951172 0.755859 0.880859 0.734375
1 0.710938 0.708984 0.705078 0.708984 0.687500 0.701172 0.687500 0.734375 0.683594 0.738281 0.675781 0.738281 0.669922 0.742188 0.662109 0.742188 0.656250 0.746094 0.648438 0.746094 0.646484 0.748047 0.644531 0.791016 0.654297 0.791016 0.664062 0.794922 0.677734 0.794922 0.687500 0.798828 0.697266 0.798828 0.699219 0.796875 0.710938 0.761719 0.710938 0.724609 0.712891 0.722656 0.712891 0.710938
1 0.064453 0.644531 0.064453 0.650391 0.070312 0.660156 0.080078 0.669922 0.097656 0.669922 0.109375 0.673828 0.126953 0.673828 0.142578 0.677734 0.152344 0.669922 0.156250 0.669922 0.171875 0.658203 0.152344 0.630859 0.150391 0.625000 0.144531 0.619141 0.138672 0.619141 0.136719 0.617188 0.105469 0.617188 0.103516 0.615234 0.095703 0.615234 0.068359 0.634766
1 0.607422 0.486328 0.548828 0.484375 0.541016 0.646484 0.574219 0.644531 0.585938 0.570312 0.607422 0.550781
1 0.490234 0.359375 0.441406 0.628906 0.496094 0.640625 0.484375 0.611328
1 0.332031 0.347656 0.296875 0.625000 0.265625 0.634766 0.248047 0.669922 0.220703 0.666016 0.207031 0.691406 0.257812 0.701172 0.269531 0.757812 0.255859 0.775391 0.214844 0.777344 0.199219 0.757812 0.205078 0.728516 0.107422 0.763672 0.107422 0.820312 0.283203 0.894531 0.343750 0.857422 0.330078 0.839844 0.380859 0.820312 0.388672 0.773438 0.333984 0.765625 0.333984 0.720703 0.316406 0.708984 0.332031 0.681641 0.394531 0.687500 0.390625 0.654297 0.339844 0.644531 0.390625 0.619141 0.400391 0.365234 0.380859 0.363281 0.367188 0.449219 0.349609 0.451172
2 0.638672 0.421875 0.613281 0.480469 0.611328 0.552734 0.589844 0.574219 0.578125 0.648438 0.593750 0.669922 0.478516 0.687500 0.478516 0.728516 0.490234 0.728516 0.492188 0.750000 0.525391 0.775391 0.517578 0.798828 0.554688 0.828125 0.679688 0.857422 0.714844 0.851562 0.716797 0.812500 0.640625 0.789062 0.644531 0.748047 0.683594 0.734375 0.685547 0.701172 0.625000 0.699219 0.646484 0.623047 0.652344 0.447266
