0 0.970703 0.666016 0.970703 0.685547 0.968750 0.687500 0.968750 0.689453 0.964844 0.695312 0.964844 0.699219 0.972656 0.707031 0.974609 0.707031 0.976562 0.708984 0.978516 0.708984 0.982422 0.705078 0.982422 0.703125 0.988281 0.697266 0.988281 0.695312 0.990234 0.693359 0.992188 0.693359 0.992188 0.691406 0.994141 0.689453 0.994141 0.679688 0.988281 0.673828 0.984375 0.673828 0.982422 0.671875 0.980469 0.671875 0.978516 0.669922 0.976562 0.669922
0 0.710938 0.621094 0.626953 0.679688 0.619141 0.662109 0.263672 0.937500 0.240234 0.998047 0.755859 0.982422 0.294922 0.986328 0.720703 0.634766
0 0.771484 0.513672 0.771484 0.539062 0.998047 0.550781 0.998047 0.511719
0 0.271484 0.542969 0.462891 0.542969 0.478516 0.521484 0.501953 0.525391 0.509766 0.515625 0.457031 0.515625 0.437500 0.529297 0.406250 0.513672 0.279297 0.511719 0.269531 0.513672
0 0.300781 0.347656 0.287109 0.382812 0.285156 0.466797 0.302734 0.507812 0.333984 0.507812 0.332031 0.476562 0.355469 0.466797 0.363281 0.490234 0.388672 0.468750 0.371094 0.425781 0.380859 0.394531 0.363281 0.382812 0.353516 0.386719 0.349609 0.419922 0.333984 0.408203 0.333984 0.386719 0.308594 0.367188 0.312500 0.347656
0 0.416016 0.382812 0.425781 0.466797 0.466797 0.492188 0.492188 0.462891 0.511719 0.462891 0.541016 0.503906 0.552734 0.501953 0.564453 0.482422 0.582031 0.490234 0.589844 0.513672 0.689453 0.511719 0.609375 0.478516 0.605469 0.419922 0.576172 0.384766 0.564453 0.398438 0.537109 0.347656 0.525391 0.343750 0.511719 0.398438 0.521484 0.433594 0.505859 0.455078 0.476562 0.421875 0.484375 0.402344 0.478516 0.380859 0.443359 0.363281
1 0.998047 0.308594 0.937500 0.300781 0.962891 0.324219 0.644531 0.310547 0.611328 0.335938 0.570312 0.322266 0.560547 0.343750 0.541016 0.351562 0.564453 0.394531 0.580078 0.371094 0.572266 0.349609 0.580078 0.341797 0.998047 0.349609
1 0.210938 0.267578 0.232422 0.300781 0.265625 0.306641 0.263672 0.513672 0.298828 0.507812 0.283203 0.386719 0.312500 0.345703 0.345703 0.414062 0.361328 0.378906 0.384766 0.394531 0.390625 0.472656 0.365234 0.492188 0.355469 0.468750 0.332031 0.478516 0.335938 0.509766 0.509766 0.513672 0.542969 0.546875 0.769531 0.539062 0.767578 0.515625 0.589844 0.515625 0.562500 0.484375 0.541016 0.505859 0.509766 0.464844 0.466797 0.494141 0.421875 0.466797 0.414062 0.380859 0.443359 0.361328 0.480469 0.378906 0.505859 0.453125 0.521484 0.343750 0.468750 0.318359 0.341797 0.326172 0.357422 0.310547 0.308594 0.300781 0.328125 0.267578 0.228516 0.251953
2 0.464844 0.546875 0.541016 0.546875 0.541016 0.542969 0.544922 0.535156 0.541016 0.535156 0.539062 0.533203 0.523438 0.533203 0.521484 0.531250 0.513672 0.531250 0.511719 0.529297 0.505859 0.529297 0.503906 0.527344 0.486328 0.527344 0.484375 0.525391 0.480469 0.525391 0.474609 0.533203 0.474609 0.535156 0.470703 0.537109 0.470703 0.539062 0.464844 0.544922
2 0.312500 0.281250 0.312500 0.298828 0.359375 0.308594 0.343750 0.324219 0.470703 0.316406 0.511719 0.341797 0.554688 0.343750 0.568359 0.320312 0.611328 0.333984 0.646484 0.306641 0.958984 0.320312 0.925781 0.296875 0.832031 0.294922 0.808594 0.283203 0.744141 0.292969 0.695312 0.281250 0.513672 0.281250 0.488281 0.271484 0.437500 0.277344 0.330078 0.267578
