0 0.339844 0.509766 0.339844 0.527344 0.412109 0.498047 0.443359 0.451172 0.564453 0.457031 0.609375 0.492188 0.626953 0.542969 0.654297 0.537109 0.669922 0.470703 0.652344 0.482422 0.648438 0.445312 0.625000 0.443359 0.611328 0.458984 0.589844 0.458984 0.582031 0.441406 0.566406 0.433594 0.537109 0.437500 0.519531 0.416016 0.488281 0.445312 0.470703 0.416016 0.457031 0.437500 0.445312 0.410156 0.404297 0.439453 0.386719 0.484375
0 0.998047 0.357422 0.970703 0.357422 0.966797 0.386719 0.962891 0.392578 0.931641 0.396484 0.923828 0.406250 0.908203 0.412109 0.910156 0.439453 0.931641 0.431641 0.941406 0.431641 0.943359 0.435547 0.935547 0.451172 0.972656 0.443359 0.982422 0.417969 0.998047 0.419922
0 0.974609 0.302734 0.972656 0.304688 0.972656 0.306641 0.966797 0.312500 0.966797 0.314453 0.964844 0.316406 0.964844 0.318359 0.958984 0.324219 0.958984 0.326172 0.966797 0.333984 0.966797 0.335938 0.974609 0.343750 0.976562 0.343750 0.980469 0.339844 0.982422 0.339844 0.986328 0.335938 0.986328 0.332031 0.988281 0.330078 0.988281 0.312500 0.990234 0.310547 0.990234 0.306641 0.986328 0.306641 0.984375 0.304688 0.978516 0.304688 0.976562 0.302734
0 0.931641 0.191406 0.908203 0.224609 0.908203 0.332031 0.927734 0.318359 0.931641 0.322266 0.935547 0.335938 0.937500 0.333984 0.935547 0.291016 0.955078 0.275391 0.949219 0.259766 0.945312 0.232422 0.925781 0.230469 0.941406 0.208984
0 0.841797 0.074219 0.804688 0.097656 0.810547 0.134766 0.796875 0.128906 0.792969 0.158203 0.781250 0.146484 0.775391 0.171875 0.748047 0.183594 0.732422 0.121094 0.765625 0.080078 0.710938 0.095703 0.693359 0.083984 0.707031 0.392578 0.662109 0.453125 0.666016 0.464844 0.734375 0.382812 0.781250 0.408203 0.791016 0.466797 0.804688 0.458984 0.818359 0.488281 0.841797 0.490234
0 0.000000 0.103516 0.000000 0.201172 0.064453 0.205078 0.072266 0.232422 0.085938 0.224609 0.052734 0.166016 0.058594 0.130859 0.085938 0.132812 0.121094 0.175781 0.136719 0.134766 0.179688 0.117188 0.208984 0.060547 0.228516 0.072266 0.263672 0.181641 0.312500 0.222656 0.281250 0.265625 0.316406 0.298828 0.332031 0.369141 0.380859 0.361328 0.396484 0.285156 0.431641 0.289062 0.449219 0.328125 0.492188 0.281250 0.558594 0.287109 0.591797 0.271484 0.585938 0.193359 0.566406 0.171875 0.554688 0.000000 0.216797 0.000000 0.138672 0.083984
1 0.623047 0.609375 0.375000 0.677734 0.335938 0.669922 0.269531 0.689453 0.246094 0.667969 0.246094 0.638672 0.144531 0.681641 0.000000 0.708984 0.001953 0.833984 0.281250 0.755859 0.501953 0.671875 0.558594 0.662109 0.570312 0.679688 0.587891 0.650391 0.621094 0.636719
1 0.667969 0.464844 0.724609 0.462891 0.738281 0.492188 0.734375 0.515625 0.746094 0.523438 0.787109 0.521484 0.826172 0.525391 0.841797 0.498047 0.835938 0.484375 0.818359 0.492188 0.804688 0.462891 0.789062 0.470703 0.779297 0.408203 0.732422 0.386719
1 0.845703 0.093750 0.841797 0.402344 0.857422 0.404297 0.861328 0.498047 0.873047 0.482422 0.908203 0.482422 0.912109 0.363281 0.927734 0.367188 0.933594 0.390625 0.958984 0.388672 0.972656 0.345703 0.955078 0.324219 0.955078 0.277344 0.939453 0.291016 0.941406 0.335938 0.935547 0.339844 0.927734 0.322266 0.908203 0.335938 0.912109 0.363281 0.886719 0.291016 0.867188 0.277344 0.857422 0.285156
1 0.757812 0.093750 0.738281 0.119141 0.746094 0.181641 0.761719 0.171875 0.773438 0.167969 0.777344 0.146484 0.781250 0.140625 0.789062 0.154297 0.791016 0.136719 0.794922 0.125000 0.806641 0.132812 0.804688 0.117188 0.779297 0.119141
1 0.796875 0.000000 0.695312 0.001953 0.695312 0.033203 0.677734 0.046875 0.675781 0.066406 0.712891 0.091797 0.777344 0.070312 0.822266 0.037109 0.810547 0.025391 0.783203 0.046875 0.738281 0.041016 0.736328 0.037109
2 0.998047 0.558594 0.912109 0.533203 0.908203 0.507812 0.869141 0.505859 0.861328 0.541016 0.845703 0.537109 0.849609 0.404297 0.845703 0.496094 0.824219 0.533203 0.742188 0.525391 0.722656 0.466797 0.673828 0.470703 0.654297 0.541016 0.626953 0.544922 0.607422 0.494141 0.560547 0.458984 0.443359 0.455078 0.410156 0.501953 0.271484 0.568359 0.248047 0.666016 0.267578 0.685547 0.341797 0.664062 0.369141 0.673828 0.623047 0.607422 0.625000 0.632812 0.753906 0.658203 0.726562 0.687500 0.886719 0.726562 0.994141 0.667969
2 0.839844 0.027344 0.796875 0.060547 0.792969 0.060547 0.781250 0.068359 0.759766 0.091797 0.769531 0.107422 0.779297 0.117188 0.804688 0.115234 0.800781 0.105469 0.802734 0.097656 0.816406 0.082031 0.841797 0.066406
