0 0.552734 0.177734 0.558594 0.380859 0.632812 0.400391 0.664062 0.460938 0.546875 0.455078 0.589844 0.486328 0.761719 0.492188 0.939453 0.464844 0.939453 0.451172 0.707031 0.453125 0.685547 0.431641 0.681641 0.392578 0.664062 0.382812 0.666016 0.335938 0.650391 0.332031 0.644531 0.298828 0.666016 0.261719 0.669922 0.175781 0.636719 0.226562 0.619141 0.224609 0.587891 0.171875
0 0.369141 0.138672 0.349609 0.361328 0.328125 0.363281 0.306641 0.326172 0.277344 0.333984 0.263672 0.310547 0.248047 0.322266 0.248047 0.394531 0.191406 0.433594 0.183594 0.462891 0.117188 0.445312 0.000000 0.472656 0.000000 0.597656 0.072266 0.585938 0.107422 0.628906 0.173828 0.615234 0.169922 0.587891 0.187500 0.572266 0.234375 0.566406 0.259766 0.599609 0.339844 0.576172 0.369141 0.515625
0 0.849609 0.115234 0.998047 0.115234 0.998047 0.109375 0.888672 0.101562 0.882812 0.105469 0.876953 0.105469 0.871094 0.109375
0 0.595703 0.072266 0.595703 0.074219 0.587891 0.080078 0.582031 0.087891 0.583984 0.091797 0.583984 0.099609 0.595703 0.115234 0.593750 0.117188 0.583984 0.119141 0.583984 0.132812 0.582031 0.134766 0.582031 0.152344 0.580078 0.154297 0.580078 0.158203 0.585938 0.162109 0.589844 0.162109 0.593750 0.166016 0.613281 0.144531 0.613281 0.142578 0.617188 0.140625 0.615234 0.121094 0.613281 0.119141 0.613281 0.111328 0.611328 0.109375 0.611328 0.076172 0.605469 0.076172
0 0.634766 0.066406 0.628906 0.078125 0.625000 0.082031 0.625000 0.103516 0.632812 0.111328 0.625000 0.121094 0.621094 0.128906 0.623047 0.130859 0.623047 0.136719 0.644531 0.140625 0.652344 0.136719 0.660156 0.136719 0.660156 0.113281 0.654297 0.113281 0.652344 0.111328 0.652344 0.093750 0.654297 0.091797 0.654297 0.085938 0.652344 0.083984 0.652344 0.080078 0.648438 0.074219 0.646484 0.066406
0 0.375000 0.066406 0.376953 0.480469 0.466797 0.494141 0.445312 0.429688 0.458984 0.408203 0.517578 0.386719 0.505859 0.287109 0.541016 0.246094 0.515625 0.222656 0.478516 0.058594 0.439453 0.062500 0.437500 0.464844 0.416016 0.462891 0.414062 0.152344 0.435547 0.148438 0.433594 0.076172 0.417969 0.083984 0.416016 0.117188 0.414062 0.064453
0 0.675781 0.041016 0.673828 0.103516 0.664062 0.111328 0.664062 0.128906 0.671875 0.144531 0.691406 0.128906 0.691406 0.115234 0.775391 0.107422 0.769531 0.105469 0.765625 0.097656 0.751953 0.105469 0.687500 0.105469 0.677734 0.095703
1 0.447266 0.429688 0.451172 0.453125 0.466797 0.458984 0.558594 0.449219 0.662109 0.462891 0.646484 0.441406 0.632812 0.404297 0.593750 0.388672 0.554688 0.382812 0.550781 0.330078 0.535156 0.380859 0.515625 0.392578 0.458984 0.410156
1 0.667969 0.263672 0.666016 0.263672 0.660156 0.267578 0.656250 0.267578 0.656250 0.271484 0.654297 0.273438 0.652344 0.283203 0.650391 0.285156 0.650391 0.287109 0.648438 0.289062 0.648438 0.292969 0.646484 0.294922 0.646484 0.298828 0.648438 0.300781 0.648438 0.310547 0.650391 0.312500 0.650391 0.322266 0.652344 0.324219 0.652344 0.332031 0.658203 0.332031 0.660156 0.333984 0.666016 0.333984 0.666016 0.300781 0.667969 0.298828
1 0.761719 0.496094 0.607422 0.486328 0.601562 0.513672 0.546875 0.509766 0.566406 0.486328 0.376953 0.484375 0.371094 0.220703 0.371094 0.517578 0.343750 0.576172 0.269531 0.603516 0.236328 0.572266 0.185547 0.576172 0.175781 0.619141 0.107422 0.630859 0.056641 0.597656 0.070312 0.671875 0.056641 0.699219 0.103516 0.753906 0.308594 0.703125 0.335938 0.714844 0.517578 0.632812 0.763672 0.574219 0.763672 0.554688 0.705078 0.525391 0.761719 0.511719
1 0.998047 0.080078 0.931641 0.087891 0.882812 0.083984 0.855469 0.095703 0.796875 0.101562 0.787109 0.105469 0.847656 0.115234 0.886719 0.099609 0.994141 0.103516
1 0.730469 0.021484 0.724609 0.007812 0.701172 0.003906 0.679688 0.017578 0.675781 0.017578 0.669922 0.009766 0.666016 0.009766 0.648438 0.025391 0.617188 0.021484 0.611328 0.025391 0.583984 0.033203 0.583984 0.037109 0.587891 0.041016 0.607422 0.041016 0.621094 0.037109 0.685547 0.033203 0.712891 0.027344 0.730469 0.027344
