0 0.134766 0.865234 0.115234 0.875000 0.093750 0.892578 0.087891 0.900391 0.082031 0.919922 0.083984 0.937500 0.103516 0.953125 0.099609 0.986328 0.115234 0.996094 0.140625 0.980469 0.142578 0.957031 0.136719 0.945312 0.117188 0.955078 0.109375 0.937500 0.109375 0.931641 0.123047 0.902344 0.125000 0.888672 0.140625 0.880859
0 0.886719 0.808594 0.794922 0.791016 0.765625 0.755859 0.785156 0.728516 0.296875 0.736328 0.597656 0.730469 0.589844 0.765625 0.613281 0.792969 0.537109 0.787109 0.560547 0.746094 0.529297 0.738281 0.277344 0.757812 0.240234 0.775391 0.187500 0.765625 0.167969 0.802734 0.148438 0.779297 0.125000 0.800781 0.142578 0.830078
0 0.226562 0.632812 0.218750 0.640625 0.216797 0.646484 0.212891 0.650391 0.212891 0.652344 0.205078 0.662109 0.203125 0.667969 0.191406 0.683594 0.181641 0.703125 0.185547 0.701172 0.191406 0.701172 0.193359 0.699219 0.199219 0.699219 0.210938 0.683594 0.218750 0.667969 0.218750 0.660156 0.222656 0.652344 0.222656 0.644531 0.224609 0.642578 0.224609 0.636719
0 0.837891 0.619141 0.849609 0.660156 0.843750 0.726562 0.841797 0.728516 0.900391 0.720703 0.888672 0.716797 0.878906 0.716797 0.869141 0.708984 0.857422 0.689453 0.863281 0.667969 0.861328 0.636719
0 0.902344 0.578125 0.902344 0.599609 0.927734 0.632812 0.939453 0.640625 0.953125 0.669922 0.960938 0.658203 0.955078 0.619141 0.960938 0.595703 0.941406 0.587891 0.939453 0.630859 0.937500 0.632812 0.917969 0.595703
0 0.138672 0.447266 0.125000 0.453125 0.121094 0.464844 0.119141 0.548828 0.107422 0.564453 0.080078 0.566406 0.064453 0.574219 0.099609 0.578125 0.109375 0.591797 0.099609 0.607422 0.115234 0.607422 0.132812 0.589844 0.146484 0.583984 0.132812 0.576172
0 0.533203 0.371094 0.548828 0.386719 0.554688 0.386719 0.556641 0.384766 0.576172 0.384766 0.585938 0.375000 0.580078 0.371094
0 0.675781 0.386719 0.673828 0.384766 0.673828 0.378906 0.671875 0.376953 0.671875 0.371094 0.667969 0.365234 0.650391 0.365234 0.648438 0.367188 0.642578 0.367188 0.640625 0.369141 0.634766 0.369141 0.632812 0.371094 0.621094 0.371094 0.619141 0.373047 0.611328 0.373047 0.611328 0.376953 0.617188 0.380859 0.623047 0.380859 0.625000 0.382812 0.628906 0.382812 0.630859 0.384766 0.638672 0.384766 0.640625 0.386719 0.646484 0.386719 0.648438 0.388672 0.654297 0.388672 0.656250 0.386719
0 0.968750 0.033203 0.931641 0.035156 0.906250 0.041016 0.855469 0.042969 0.822266 0.074219 0.843750 0.074219 0.855469 0.070312 0.896484 0.070312 0.898438 0.072266 0.945312 0.074219 0.966797 0.054688
0 0.576172 0.044922 0.623047 0.048828 0.625000 0.050781 0.617188 0.070312 0.619141 0.070312 0.630859 0.060547 0.654297 0.048828 0.695312 0.046875 0.699219 0.033203 0.697266 0.031250 0.660156 0.031250 0.658203 0.029297 0.613281 0.027344 0.578125 0.035156
0 0.451172 0.015625 0.408203 0.023438 0.347656 0.025391 0.285156 0.017578 0.181641 0.017578 0.144531 0.025391 0.181641 0.048828 0.199219 0.037109 0.224609 0.044922 0.230469 0.037109 0.251953 0.033203 0.298828 0.033203 0.414062 0.044922 0.441406 0.035156
1 0.044922 0.728516 0.027344 0.771484 0.023438 0.810547 0.000000 0.845703 0.000000 0.970703 0.009766 0.968750 0.011719 0.998047 0.083984 0.998047 0.087891 0.976562 0.050781 0.970703 0.041016 0.958984 0.042969 0.953125 0.087891 0.953125 0.082031 0.939453 0.046875 0.933594 0.142578 0.843750 0.125000 0.808594 0.101562 0.820312 0.087891 0.818359 0.058594 0.789062
1 0.701172 0.033203 0.705078 0.046875 0.718750 0.050781 0.773438 0.050781 0.775391 0.052734 0.833984 0.054688 0.855469 0.041016 0.818359 0.033203 0.794922 0.021484 0.773438 0.021484 0.771484 0.023438 0.716797 0.021484
1 0.443359 0.037109 0.451172 0.039062 0.480469 0.039062 0.486328 0.037109 0.511719 0.042969 0.568359 0.041016 0.585938 0.027344 0.587891 0.019531 0.486328 0.015625 0.455078 0.021484 0.443359 0.033203
