0 0.738281 0.818359 0.757812 0.826172 0.769531 0.835938 0.785156 0.839844 0.787109 0.843750 0.841797 0.835938 0.890625 0.855469 0.904297 0.814453 0.908203 0.812500 0.875000 0.804688 0.873047 0.800781 0.869141 0.800781 0.859375 0.812500 0.845703 0.800781 0.837891 0.798828 0.826172 0.781250 0.769531 0.773438 0.773438 0.794922 0.771484 0.802734
0 0.083984 0.662109 0.093750 0.757812 0.183594 0.859375 0.214844 0.855469 0.453125 0.714844 0.367188 0.662109 0.259766 0.732422 0.134766 0.742188
0 0.220703 0.503906 0.166016 0.535156 0.162109 0.574219 0.152344 0.578125 0.128906 0.601562 0.132812 0.623047 0.148438 0.607422 0.179688 0.623047 0.205078 0.619141 0.210938 0.615234 0.216797 0.578125 0.220703 0.576172 0.220703 0.572266 0.214844 0.568359 0.257812 0.566406
0 0.466797 0.361328 0.466797 0.384766 0.488281 0.431641 0.527344 0.404297 0.597656 0.431641 0.623047 0.458984 0.642578 0.513672 0.708984 0.591797 0.707031 0.613281 0.736328 0.621094 0.728516 0.583984 0.683594 0.513672 0.658203 0.453125 0.632812 0.447266 0.605469 0.400391 0.515625 0.373047 0.494141 0.386719
0 0.828125 0.000000 0.775391 0.000000 0.775391 0.142578 0.761719 0.212891 0.785156 0.244141 0.808594 0.164062 0.816406 0.152344 0.818359 0.039062
0 0.169922 0.000000 0.140625 0.000000 0.140625 0.007812 0.142578 0.009766 0.142578 0.023438 0.144531 0.025391 0.144531 0.041016 0.146484 0.042969 0.146484 0.052734 0.146484 0.050781 0.150391 0.046875 0.150391 0.044922 0.154297 0.041016 0.158203 0.041016 0.158203 0.039062 0.164062 0.033203 0.164062 0.031250 0.166016 0.029297 0.166016 0.023438 0.167969 0.021484 0.167969 0.009766 0.169922 0.007812
0 0.000000 0.000000 0.000000 0.199219 0.039062 0.480469 0.095703 0.535156 0.220703 0.494141 0.210938 0.458984 0.242188 0.423828 0.304688 0.408203 0.367188 0.265625 0.357422 0.253906 0.292969 0.339844 0.250000 0.357422 0.234375 0.400391 0.179688 0.271484 0.158203 0.115234 0.142578 0.117188 0.179688 0.412109 0.123047 0.423828 0.091797 0.324219 0.113281 0.292969 0.074219 0.000000
1 0.789062 0.851562 0.847656 0.857422 0.855469 0.878906 0.898438 0.884766 0.957031 0.927734 0.998047 0.935547 0.994141 0.826172 0.962891 0.828125 0.910156 0.812500 0.890625 0.857422 0.841797 0.837891
1 0.324219 0.607422 0.328125 0.611328 0.332031 0.619141 0.333984 0.619141 0.339844 0.625000 0.343750 0.632812 0.345703 0.632812 0.349609 0.636719 0.349609 0.638672 0.351562 0.638672 0.357422 0.644531 0.365234 0.658203 0.373047 0.662109 0.376953 0.662109 0.390625 0.646484 0.390625 0.644531 0.380859 0.640625 0.378906 0.636719 0.369141 0.634766 0.367188 0.630859 0.361328 0.628906 0.359375 0.625000 0.355469 0.625000 0.347656 0.621094 0.345703 0.617188 0.335938 0.615234 0.333984 0.611328
1 0.287109 0.419922 0.261719 0.419922 0.261719 0.421875 0.259766 0.423828 0.253906 0.423828 0.251953 0.425781 0.242188 0.425781 0.242188 0.427734 0.240234 0.429688 0.236328 0.429688 0.236328 0.431641 0.234375 0.433594 0.234375 0.443359 0.232422 0.445312 0.232422 0.449219 0.234375 0.449219 0.234375 0.447266 0.240234 0.443359 0.244141 0.443359 0.246094 0.441406 0.251953 0.441406 0.251953 0.439453 0.253906 0.437500 0.255859 0.437500 0.257812 0.435547 0.261719 0.435547 0.261719 0.433594 0.267578 0.429688 0.271484 0.429688 0.273438 0.427734 0.277344 0.427734 0.277344 0.425781 0.279297 0.423828 0.283203 0.423828 0.285156 0.421875 0.287109 0.421875
1 0.179688 0.345703 0.179688 0.365234 0.181641 0.367188 0.181641 0.388672 0.207031 0.388672 0.207031 0.375000 0.205078 0.373047 0.205078 0.361328 0.203125 0.359375 0.201172 0.353516 0.197266 0.349609 0.197266 0.345703 0.195312 0.343750 0.195312 0.341797 0.187500 0.341797 0.187500 0.343750 0.185547 0.345703
1 0.162109 0.339844 0.160156 0.343750 0.154297 0.347656 0.144531 0.363281 0.138672 0.367188 0.136719 0.371094 0.128906 0.375000 0.126953 0.378906 0.119141 0.380859 0.117188 0.384766 0.119141 0.417969 0.121094 0.417969 0.123047 0.421875 0.128906 0.421875 0.130859 0.423828 0.148438 0.421875 0.150391 0.417969 0.171875 0.416016 0.173828 0.412109 0.177734 0.412109 0.173828 0.408203 0.171875 0.402344
2 0.703125 0.595703 0.597656 0.437500 0.533203 0.412109 0.484375 0.429688 0.451172 0.308594 0.419922 0.255859 0.382812 0.240234 0.320312 0.353516 0.308594 0.410156 0.212891 0.458984 0.259766 0.568359 0.228516 0.570312 0.197266 0.628906 0.148438 0.611328 0.085938 0.662109 0.134766 0.740234 0.259766 0.730469 0.365234 0.662109 0.324219 0.605469 0.451172 0.658203 0.589844 0.646484 0.621094 0.613281 0.703125 0.613281
