0 0.523438 0.996094 0.517578 0.984375 0.509766 0.974609 0.505859 0.974609 0.501953 0.970703 0.498047 0.970703 0.490234 0.964844 0.482422 0.962891 0.480469 0.964844 0.474609 0.964844 0.470703 0.968750 0.466797 0.968750 0.453125 0.974609 0.443359 0.994141 0.439453 0.996094 0.439453 0.998047 0.523438 0.998047
0 0.035156 0.929688 0.080078 0.994141 0.189453 0.998047 0.171875 0.972656 0.171875 0.953125 0.191406 0.955078 0.216797 0.929688 0.251953 0.945312 0.269531 0.972656 0.281250 0.947266 0.298828 0.955078 0.302734 0.947266 0.298828 0.900391 0.292969 0.900391 0.291016 0.931641 0.263672 0.935547 0.261719 0.900391 0.212891 0.902344 0.173828 0.892578 0.115234 0.894531 0.064453 0.886719 0.101562 0.945312
0 0.699219 0.898438 0.708984 0.921875 0.705078 0.957031 0.728516 0.957031 0.730469 0.937500 0.769531 0.939453 0.783203 0.929688 0.791016 0.941406 0.826172 0.947266 0.832031 0.935547 0.857422 0.937500 0.890625 0.927734 0.947266 0.957031 0.980469 0.951172 0.976562 0.935547 0.935547 0.925781 0.931641 0.912109 0.808594 0.910156 0.806641 0.886719 0.767578 0.876953 0.734375 0.880859 0.755859 0.898438
0 0.578125 0.712891 0.566406 0.726562 0.564453 0.771484 0.603516 0.773438 0.626953 0.789062 0.626953 0.796875 0.640625 0.820312 0.683594 0.824219 0.667969 0.789062 0.638672 0.779297
0 0.121094 0.097656 0.121094 0.521484 0.171875 0.587891 0.203125 0.193359 0.230469 0.656250 0.183594 0.695312 0.158203 0.650391 0.085938 0.667969 0.111328 0.695312 0.042969 0.761719 0.027344 0.722656 0.003906 0.751953 0.074219 0.781250 0.117188 0.736328 0.199219 0.785156 0.228516 0.759766 0.226562 0.818359 0.070312 0.832031 0.335938 0.839844 0.335938 0.884766 0.392578 0.798828 0.390625 0.767578 0.365234 0.796875 0.373047 0.160156 0.337891 0.224609 0.335938 0.097656 0.316406 0.160156 0.312500 0.099609
0 0.796875 0.068359 0.697266 0.066406 0.671875 0.076172 0.666016 0.093750 0.615234 0.093750 0.591797 0.121094 0.576172 0.126953 0.574219 0.212891 0.593750 0.222656 0.593750 0.232422 0.611328 0.257812 0.640625 0.271484 0.642578 0.318359 0.652344 0.320312 0.664062 0.173828 0.683594 0.152344 0.685547 0.125000 0.707031 0.109375 0.707031 0.089844 0.746094 0.083984 0.755859 0.070312
0 0.089844 0.054688 0.085938 0.050781 0.085938 0.046875 0.083984 0.044922 0.074219 0.044922 0.066406 0.048828 0.050781 0.048828 0.048828 0.050781 0.037109 0.052734 0.035156 0.054688 0.005859 0.052734 0.005859 0.056641 0.003906 0.058594 0.003906 0.070312 0.013672 0.070312 0.015625 0.068359 0.021484 0.068359 0.023438 0.066406 0.029297 0.066406 0.031250 0.064453 0.039062 0.064453 0.041016 0.066406 0.048828 0.066406 0.050781 0.068359 0.060547 0.068359 0.062500 0.070312 0.068359 0.070312 0.072266 0.066406 0.083984 0.060547 0.087891 0.060547 0.089844 0.058594
0 0.902344 0.003906 0.910156 0.019531 0.914062 0.019531 0.916016 0.021484 0.927734 0.021484 0.935547 0.025391 0.947266 0.025391 0.949219 0.027344 0.955078 0.027344 0.957031 0.025391 0.970703 0.025391 0.980469 0.021484 0.994141 0.021484 0.998047 0.019531 0.998047 0.001953
0 0.392578 0.001953 0.392578 0.017578 0.396484 0.025391 0.398438 0.039062 0.460938 0.039062 0.474609 0.029297 0.478516 0.029297 0.482422 0.025391 0.486328 0.025391 0.488281 0.023438 0.484375 0.023438 0.480469 0.019531 0.476562 0.019531 0.470703 0.013672 0.466797 0.013672 0.462891 0.007812 0.460938 0.000000
1 0.333984 0.900391 0.300781 0.900391 0.306641 0.935547 0.304688 0.953125 0.298828 0.957031 0.283203 0.951172 0.269531 0.980469 0.248047 0.947266 0.218750 0.937500 0.193359 0.960938 0.177734 0.957031 0.175781 0.972656 0.193359 0.998047 0.302734 0.998047 0.304688 0.994141 0.306641 0.998047 0.333984 0.998047
1 0.009766 0.888672 0.037109 0.927734 0.054688 0.929688 0.062500 0.933594 0.068359 0.933594 0.074219 0.937500 0.080078 0.937500 0.085938 0.941406 0.093750 0.941406 0.099609 0.945312 0.089844 0.929688 0.085938 0.927734 0.078125 0.912109 0.072266 0.906250 0.070312 0.900391 0.060547 0.886719 0.042969 0.898438 0.027344 0.886719 0.023438 0.880859 0.019531 0.880859
1 0.644531 0.822266 0.656250 0.875000 0.671875 0.904297 0.667969 0.951172 0.701172 0.955078 0.707031 0.927734 0.693359 0.898438 0.753906 0.896484 0.734375 0.886719 0.732422 0.880859 0.759766 0.875000 0.757812 0.867188 0.746094 0.857422 0.740234 0.826172 0.736328 0.822266 0.708984 0.814453 0.699219 0.814453 0.681641 0.828125
1 0.001953 0.757812 0.001953 0.824219 0.003906 0.826172 0.007812 0.826172 0.011719 0.830078 0.015625 0.830078 0.021484 0.835938 0.025391 0.835938 0.027344 0.837891 0.027344 0.833984 0.031250 0.828125 0.031250 0.824219 0.035156 0.816406 0.035156 0.810547 0.039062 0.802734 0.039062 0.796875 0.041016 0.794922 0.041016 0.791016 0.042969 0.789062 0.046875 0.775391 0.042969 0.775391 0.039062 0.771484 0.035156 0.771484 0.031250 0.767578 0.031250 0.763672 0.027344 0.757812
1 0.337891 0.220703 0.375000 0.140625 0.378906 0.054688 0.367188 0.037109 0.369141 0.000000 0.320312 0.001953 0.337891 0.031250 0.326172 0.037109 0.091797 0.048828 0.123047 0.095703 0.335938 0.095703 0.345703 0.193359 0.328125 0.210938
2 0.000000 0.826172 0.005859 0.884766 0.019531 0.875000 0.041016 0.896484 0.058594 0.878906 0.212891 0.898438 0.332031 0.892578 0.333984 0.843750 0.175781 0.833984 0.164062 0.855469 0.078125 0.853516 0.068359 0.832031 0.103516 0.812500 0.226562 0.816406 0.240234 0.781250 0.230469 0.767578 0.212891 0.789062 0.197266 0.787109 0.189453 0.763672 0.158203 0.779297 0.144531 0.773438 0.138672 0.740234 0.117188 0.738281 0.111328 0.763672 0.089844 0.783203 0.048828 0.779297 0.027344 0.839844
2 0.548828 0.187500 0.548828 0.189453 0.546875 0.191406 0.544922 0.191406 0.544922 0.193359 0.537109 0.201172 0.537109 0.203125 0.535156 0.205078 0.542969 0.228516 0.544922 0.228516 0.546875 0.226562 0.550781 0.226562 0.552734 0.224609 0.560547 0.224609 0.562500 0.218750 0.566406 0.214844 0.566406 0.212891 0.570312 0.207031 0.570312 0.205078 0.564453 0.199219 0.562500 0.199219 0.560547 0.197266 0.560547 0.195312 0.556641 0.195312
2 0.671875 0.066406 0.410156 0.070312 0.427734 0.123047 0.478516 0.130859 0.490234 0.166016 0.488281 0.437500 0.449219 0.587891 0.474609 0.648438 0.437500 0.695312 0.417969 0.857422 0.390625 0.896484 0.394531 0.998047 0.435547 0.998047 0.482422 0.958984 0.529297 0.998047 0.578125 0.998047 0.580078 0.945312 0.666016 0.951172 0.667969 0.902344 0.619141 0.789062 0.558594 0.775391 0.535156 0.806641 0.519531 0.771484 0.500000 0.787109 0.523438 0.123047 0.583984 0.125000
