0 0.199219 0.785156 0.195312 0.861328 0.203125 0.876953 0.208984 0.931641 0.208984 0.800781
0 0.603516 0.718750 0.566406 0.730469 0.558594 0.730469 0.548828 0.736328 0.525391 0.740234 0.519531 0.744141 0.511719 0.744141 0.505859 0.748047 0.498047 0.748047 0.484375 0.753906 0.484375 0.771484 0.486328 0.769531 0.496094 0.769531 0.505859 0.763672 0.515625 0.763672 0.521484 0.759766 0.529297 0.759766 0.535156 0.755859 0.544922 0.755859 0.550781 0.751953 0.558594 0.751953 0.574219 0.746094 0.576172 0.742188 0.587891 0.734375
0 0.253906 0.671875 0.238281 0.671875 0.240234 0.857422 0.251953 0.828125
0 0.371094 0.632812 0.343750 0.625000 0.337891 0.685547 0.312500 0.701172 0.337891 0.718750 0.339844 0.744141 0.310547 0.753906 0.300781 0.787109 0.269531 0.798828 0.191406 0.998047 0.308594 0.998047 0.408203 0.802734 0.433594 0.787109 0.429688 0.761719 0.457031 0.708984 0.425781 0.716797 0.421875 0.695312 0.408203 0.699219 0.410156 0.720703 0.382812 0.740234
0 0.201172 0.621094 0.199219 0.667969 0.185547 0.673828 0.185547 0.689453 0.197266 0.705078 0.197266 0.759766 0.210938 0.748047 0.208984 0.628906
0 0.240234 0.603516 0.232422 0.611328 0.230469 0.611328 0.230469 0.638672 0.275391 0.667969 0.275391 0.656250 0.273438 0.654297 0.273438 0.640625 0.271484 0.638672 0.271484 0.634766 0.279297 0.626953 0.279297 0.625000 0.283203 0.623047 0.289062 0.613281 0.285156 0.611328 0.277344 0.611328 0.271484 0.607422 0.261719 0.607422 0.255859 0.603516 0.248047 0.603516 0.246094 0.601562
0 0.671875 0.564453 0.679688 0.591797 0.697266 0.582031 0.716797 0.607422 0.740234 0.570312 0.761719 0.576172 0.867188 0.564453 0.919922 0.572266 0.933594 0.562500 0.900391 0.539062 0.859375 0.541016 0.851562 0.554688 0.835938 0.558594 0.804688 0.544922 0.718750 0.546875 0.701172 0.537109 0.679688 0.533203
0 0.156250 0.546875 0.152344 0.564453 0.158203 0.570312 0.167969 0.574219 0.171875 0.578125 0.175781 0.578125 0.181641 0.583984 0.193359 0.587891 0.205078 0.587891 0.212891 0.591797 0.222656 0.591797 0.228516 0.595703 0.238281 0.595703 0.240234 0.597656 0.234375 0.564453 0.222656 0.558594 0.205078 0.556641 0.201172 0.552734 0.205078 0.546875 0.207031 0.537109 0.195312 0.525391 0.179688 0.541016 0.173828 0.541016
0 0.332031 0.505859 0.324219 0.505859 0.322266 0.503906 0.316406 0.503906 0.314453 0.501953 0.312500 0.501953 0.312500 0.503906 0.308594 0.509766 0.308594 0.515625 0.306641 0.517578 0.306641 0.521484 0.302734 0.527344 0.302734 0.533203 0.300781 0.535156 0.300781 0.539062 0.298828 0.541016 0.302734 0.541016 0.304688 0.539062 0.326172 0.539062 0.328125 0.537109 0.332031 0.537109
0 0.253906 0.484375 0.250000 0.488281 0.248047 0.488281 0.246094 0.490234 0.246094 0.529297 0.248047 0.531250 0.248047 0.533203 0.251953 0.537109 0.251953 0.539062 0.255859 0.542969 0.257812 0.542969 0.263672 0.537109 0.263672 0.533203 0.259766 0.529297 0.257812 0.523438 0.253906 0.519531
0 0.113281 0.158203 0.101562 0.166016 0.101562 0.175781 0.103516 0.177734 0.103516 0.236328 0.107422 0.236328 0.109375 0.238281 0.115234 0.238281 0.115234 0.199219 0.113281 0.197266
0 0.277344 0.148438 0.222656 0.181641 0.242188 0.189453 0.250000 0.205078 0.246094 0.310547 0.253906 0.230469 0.292969 0.171875
0 0.226562 0.015625 0.220703 0.019531 0.191406 0.027344 0.187500 0.035156 0.187500 0.052734 0.183594 0.074219 0.185547 0.144531 0.197266 0.144531 0.205078 0.140625 0.218750 0.140625 0.230469 0.136719 0.232422 0.083984 0.230469 0.082031
0 0.273438 0.000000 0.279297 0.039062 0.291016 0.029297 0.296875 0.031250 0.306641 0.085938 0.306641 0.009766 0.335938 0.019531 0.353516 0.082031 0.373047 0.064453 0.367188 0.000000
1 0.343750 0.898438 0.330078 0.898438 0.328125 0.900391 0.312500 0.902344 0.310547 0.904297 0.298828 0.904297 0.277344 0.947266 0.277344 0.951172 0.271484 0.962891 0.267578 0.966797 0.273438 0.962891 0.279297 0.962891 0.283203 0.958984 0.289062 0.958984 0.294922 0.955078 0.298828 0.955078 0.306641 0.945312 0.318359 0.937500 0.318359 0.935547 0.322266 0.933594 0.322266 0.931641 0.328125 0.927734 0.333984 0.919922 0.335938 0.919922 0.337891 0.910156
1 0.103516 0.880859 0.068359 0.933594 0.058594 0.994141 0.189453 0.998047 0.208984 0.941406 0.205078 0.929688 0.191406 0.949219 0.173828 0.941406 0.140625 0.958984 0.132812 0.919922
1 0.199219 0.589844 0.199219 0.619141 0.207031 0.623047 0.208984 0.609375 0.216797 0.609375 0.210938 0.648438 0.212891 0.748047 0.197266 0.771484 0.208984 0.794922 0.208984 0.775391 0.214844 0.771484 0.210938 0.935547 0.238281 0.865234 0.236328 0.669922 0.271484 0.667969 0.228516 0.638672 0.228516 0.615234 0.220703 0.611328 0.240234 0.599609
1 0.236328 0.558594 0.251953 0.601562 0.300781 0.617188 0.302734 0.595703 0.304688 0.619141 0.400391 0.636719 0.378906 0.638672 0.382812 0.738281 0.406250 0.716797 0.410156 0.636719 0.568359 0.685547 0.480469 0.708984 0.484375 0.750000 0.603516 0.716797 0.605469 0.699219 0.998047 0.824219 0.998047 0.585938 0.945312 0.566406 0.740234 0.576172 0.716797 0.617188 0.697266 0.585938 0.675781 0.591797 0.675781 0.486328 0.650391 0.441406 0.591797 0.455078 0.554688 0.503906 0.494141 0.478516 0.474609 0.496094 0.460938 0.466797 0.404297 0.507812 0.365234 0.496094 0.330078 0.542969
1 0.216797 0.187500 0.187500 0.208984 0.210938 0.224609 0.212891 0.441406 0.205078 0.531250 0.208984 0.535156 0.218750 0.529297 0.232422 0.542969 0.240234 0.535156 0.248047 0.208984 0.240234 0.191406
1 0.146484 0.052734 0.132812 0.068359 0.130859 0.105469 0.142578 0.107422 0.136719 0.234375 0.144531 0.240234 0.179688 0.220703 0.177734 0.208984 0.156250 0.201172 0.162109 0.078125
2 0.662109 0.496094 0.652344 0.470703 0.621094 0.460938 0.583984 0.478516 0.552734 0.509766 0.501953 0.496094 0.474609 0.500000 0.462891 0.488281 0.443359 0.500000 0.421875 0.500000 0.410156 0.515625 0.406250 0.535156 0.419922 0.537109 0.437500 0.529297 0.455078 0.529297 0.552734 0.550781 0.574219 0.564453 0.634766 0.576172 0.656250 0.570312 0.660156 0.564453
