0 0.097656 0.671875 0.099609 0.703125 0.216797 0.763672 0.287109 0.732422 0.291016 0.738281 0.253906 0.773438 0.292969 0.787109 0.427734 0.720703 0.318359 0.685547 0.246094 0.703125 0.187500 0.707031 0.175781 0.697266 0.179688 0.679688 0.166016 0.669922 0.189453 0.662109 0.187500 0.652344 0.201172 0.636719 0.185547 0.632812 0.166016 0.652344
0 0.000000 0.556641 0.000000 0.585938 0.013672 0.597656 0.060547 0.607422 0.062500 0.621094 0.072266 0.625000 0.080078 0.625000 0.097656 0.617188 0.089844 0.593750 0.101562 0.587891 0.111328 0.578125 0.097656 0.574219 0.085938 0.580078 0.044922 0.585938 0.033203 0.580078 0.027344 0.580078 0.019531 0.574219 0.033203 0.564453
0 0.519531 0.441406 0.529297 0.468750 0.554688 0.470703 0.576172 0.511719 0.595703 0.503906 0.613281 0.515625 0.628906 0.546875 0.650391 0.542969 0.712891 0.583984 0.835938 0.587891 0.875000 0.603516 0.955078 0.693359 0.998047 0.689453 0.998047 0.642578 0.972656 0.642578 0.892578 0.570312 0.837891 0.554688 0.804688 0.513672 0.718750 0.513672 0.644531 0.484375 0.601562 0.441406 0.546875 0.421875
0 0.511719 0.439453 0.509766 0.437500 0.509766 0.435547 0.507812 0.433594 0.507812 0.431641 0.505859 0.429688 0.505859 0.427734 0.503906 0.425781 0.503906 0.423828 0.500000 0.417969 0.494141 0.421875 0.490234 0.421875 0.486328 0.425781 0.484375 0.425781 0.482422 0.427734 0.478516 0.427734 0.474609 0.431641 0.470703 0.431641 0.468750 0.433594 0.466797 0.433594 0.466797 0.435547 0.468750 0.435547 0.474609 0.439453 0.478516 0.439453 0.484375 0.443359 0.498047 0.443359 0.500000 0.441406 0.507812 0.441406 0.509766 0.439453
0 0.177734 0.017578 0.162109 0.037109 0.062500 0.044922 0.000000 0.117188 0.000000 0.304688 0.183594 0.144531 0.191406 0.384766 0.179688 0.412109 0.191406 0.429688 0.154297 0.433594 0.146484 0.466797 0.185547 0.451172 0.197266 0.466797 0.208984 0.591797 0.234375 0.601562 0.244141 0.515625 0.224609 0.042969 0.195312 0.056641
0 0.425781 0.003906 0.306641 0.005859 0.296875 0.083984 0.283203 0.099609 0.300781 0.429688 0.318359 0.431641 0.322266 0.521484 0.333984 0.511719 0.355469 0.439453 0.371094 0.431641 0.457031 0.433594 0.427734 0.410156 0.433594 0.150391
0 0.052734 0.000000 0.000000 0.000000 0.000000 0.078125 0.019531 0.048828 0.025391 0.042969 0.027344 0.037109 0.037109 0.025391 0.039062 0.019531 0.044922 0.013672 0.046875 0.007812 0.052734 0.001953
1 0.185547 0.455078 0.138672 0.466797 0.113281 0.552734 0.113281 0.583984 0.095703 0.595703 0.099609 0.621094 0.076172 0.630859 0.062500 0.623047 0.042969 0.626953 0.015625 0.646484 0.015625 0.673828 0.037109 0.681641 0.017578 0.689453 0.015625 0.708984 0.068359 0.740234 0.121094 0.714844 0.091797 0.703125 0.095703 0.667969 0.146484 0.654297 0.142578 0.634766 0.171875 0.640625 0.185547 0.625000 0.232422 0.609375 0.205078 0.589844 0.197266 0.474609
1 0.271484 0.468750 0.236328 0.568359 0.238281 0.634766 0.296875 0.644531 0.281250 0.652344 0.314453 0.683594 0.998047 0.898438 0.998047 0.695312 0.953125 0.695312 0.869141 0.603516 0.824219 0.587891 0.710938 0.589844 0.652344 0.546875 0.626953 0.548828 0.595703 0.507812 0.576172 0.515625 0.509766 0.443359 0.361328 0.441406 0.322266 0.527344
1 0.294922 0.000000 0.248047 0.000000 0.263672 0.462891 0.277344 0.421875 0.296875 0.416016 0.277344 0.101562 0.294922 0.076172 0.302734 0.011719
1 0.003906 0.109375 0.054688 0.048828 0.066406 0.041016 0.107422 0.033203 0.160156 0.033203 0.177734 0.013672 0.195312 0.054688 0.212891 0.050781 0.224609 0.039062 0.226562 0.000000 0.058594 0.000000 0.000000 0.080078
