0 0.199219 0.435547 0.166016 0.419922 0.128906 0.449219 0.107422 0.443359 0.097656 0.458984 0.080078 0.470703 0.039062 0.482422 0.019531 0.470703 0.000000 0.484375 0.001953 0.505859 0.017578 0.515625 0.087891 0.492188 0.154297 0.455078 0.173828 0.482422 0.189453 0.474609
0 0.083984 0.300781 0.072266 0.302734 0.072266 0.398438 0.074219 0.396484 0.080078 0.396484 0.087891 0.390625 0.101562 0.386719 0.101562 0.380859 0.103516 0.378906 0.103516 0.355469
0 0.287109 0.167969 0.285156 0.167969 0.279297 0.173828 0.277344 0.173828 0.273438 0.177734 0.267578 0.177734 0.261719 0.173828 0.261719 0.205078 0.273438 0.193359 0.273438 0.191406 0.275391 0.189453 0.277344 0.189453 0.281250 0.193359 0.281250 0.195312 0.283203 0.195312 0.287109 0.199219
0 0.437500 0.166016 0.414062 0.326172 0.408203 0.328125 0.398438 0.306641 0.390625 0.343750 0.357422 0.359375 0.373047 0.318359 0.357422 0.287109 0.337891 0.363281 0.292969 0.419922 0.279297 0.416016 0.267578 0.435547 0.253906 0.435547 0.251953 0.419922 0.240234 0.421875 0.240234 0.441406 0.263672 0.443359 0.365234 0.400391 0.394531 0.425781 0.460938 0.343750 0.441406 0.304688 0.447266 0.228516
0 0.318359 0.101562 0.316406 0.101562 0.316406 0.146484 0.312500 0.148438 0.300781 0.136719 0.302734 0.140625 0.302734 0.146484 0.306641 0.154297 0.308594 0.169922 0.310547 0.171875 0.316406 0.162109 0.320312 0.162109 0.326172 0.156250 0.326172 0.154297 0.332031 0.150391 0.333984 0.146484 0.332031 0.144531 0.328125 0.144531 0.324219 0.140625 0.324219 0.128906 0.322266 0.126953 0.322266 0.109375
0 0.148438 0.101562 0.132812 0.105469 0.111328 0.115234 0.103516 0.115234 0.058594 0.152344 0.046875 0.154297 0.033203 0.195312 0.070312 0.166016 0.080078 0.164062 0.091797 0.156250 0.130859 0.138672 0.136719 0.132812 0.150391 0.126953
0 0.580078 0.000000 0.529297 0.003906 0.541016 0.007812 0.552734 0.019531 0.554688 0.044922 0.550781 0.048828 0.521484 0.060547 0.531250 0.101562 0.537109 0.109375 0.544922 0.113281 0.542969 0.072266 0.544922 0.070312 0.556641 0.078125 0.576172 0.064453 0.580078 0.033203
1 0.308594 0.652344 0.000000 0.986328 0.000000 0.998047 0.132812 0.994141 0.220703 0.894531
1 0.462891 0.349609 0.394531 0.427734 0.363281 0.404297 0.261719 0.447266 0.201172 0.435547 0.193359 0.476562 0.177734 0.484375 0.152344 0.460938 0.083984 0.498047 0.001953 0.511719 0.000000 0.882812 0.023438 0.902344 0.369141 0.554688 0.396484 0.509766 0.410156 0.445312 0.396484 0.439453 0.443359 0.396484
2 0.156250 0.771484 0.095703 0.833984 0.044922 0.880859 0.025391 0.904297 0.031250 0.904297
2 0.998047 0.001953 0.583984 0.000000 0.544922 0.117188 0.517578 0.058594 0.546875 0.017578 0.447266 0.000000 0.445312 0.302734 0.466797 0.347656 0.398438 0.439453 0.390625 0.525391 0.449219 0.462891 0.455078 0.482422 0.312500 0.648438 0.222656 0.890625 0.359375 0.755859 0.617188 0.865234 0.666016 0.626953 0.650391 0.490234 0.998047 0.146484
