0 0.777344 0.912109 0.765625 0.921875 0.767578 0.933594 0.769531 0.935547 0.769531 0.953125 0.771484 0.955078 0.773438 0.990234 0.775391 0.992188 0.775391 0.996094 0.802734 0.996094 0.800781 0.976562 0.798828 0.974609 0.798828 0.964844 0.794922 0.957031 0.794922 0.947266 0.792969 0.945312 0.792969 0.935547 0.791016 0.933594 0.791016 0.923828 0.787109 0.917969 0.781250 0.916016
0 0.884766 0.697266 0.685547 0.755859 0.693359 0.726562 0.767578 0.666016 0.621094 0.726562 0.642578 0.998047 0.746094 0.998047 0.714844 0.781250 0.748047 0.785156 0.757812 0.886719 0.767578 0.880859 0.777344 0.892578 0.769531 0.787109 0.869141 0.761719
0 0.998047 0.595703 0.986328 0.601562 0.978516 0.601562 0.968750 0.607422 0.960938 0.607422 0.951172 0.613281 0.943359 0.613281 0.933594 0.619141 0.925781 0.619141 0.916016 0.625000 0.908203 0.625000 0.896484 0.630859 0.904297 0.630859 0.906250 0.632812 0.917969 0.634766 0.925781 0.630859 0.939453 0.628906 0.951172 0.623047 0.958984 0.623047 0.970703 0.617188 0.978516 0.617188 0.992188 0.611328 0.998047 0.611328
0 0.996094 0.453125 0.765625 0.554688 0.740234 0.587891 0.687500 0.605469 0.656250 0.626953 0.681641 0.617188 0.705078 0.617188 0.816406 0.564453 0.900391 0.535156 0.912109 0.511719 0.980469 0.480469
0 0.683594 0.125000 0.630859 0.187500 0.646484 0.242188 0.542969 0.292969 0.517578 0.330078 0.546875 0.373047 0.542969 0.322266 0.591797 0.310547 0.587891 0.613281 0.558594 0.619141 0.541016 0.572266 0.537109 0.611328 0.527344 0.572266 0.503906 0.570312 0.535156 0.369141 0.496094 0.412109 0.492188 0.470703 0.474609 0.417969 0.447266 0.546875 0.464844 0.548828 0.474609 0.613281 0.482422 0.564453 0.539062 0.648438 0.732422 0.566406 0.662109 0.578125 0.658203 0.537109 0.644531 0.582031 0.607422 0.294922 0.632812 0.269531 0.660156 0.330078 0.650391 0.259766 0.714844 0.201172 0.662109 0.224609 0.693359 0.195312
0 0.472656 0.093750 0.462891 0.125000 0.406250 0.128906 0.410156 0.177734 0.359375 0.234375 0.300781 0.732422 0.238281 0.820312 0.246094 0.878906 0.292969 0.875000 0.312500 0.998047 0.621094 0.998047 0.605469 0.787109 0.593750 0.925781 0.558594 0.984375 0.529297 0.921875 0.548828 0.740234 0.474609 0.777344 0.416016 0.703125 0.382812 0.701172 0.361328 0.621094 0.369141 0.238281 0.408203 0.224609 0.455078 0.248047 0.519531 0.191406 0.470703 0.218750 0.458984 0.197266 0.550781 0.140625
1 0.699219 0.697266 0.675781 0.691406 0.615234 0.714844 0.591797 0.714844 0.564453 0.742188 0.552734 0.744141 0.531250 0.775391 0.531250 0.921875 0.558594 0.982422 0.568359 0.943359 0.589844 0.927734 0.601562 0.865234 0.597656 0.804688 0.607422 0.783203 0.603516 0.728516
1 0.912109 0.634766 0.853516 0.630859 0.845703 0.644531 0.830078 0.650391 0.820312 0.650391 0.808594 0.656250 0.798828 0.656250 0.787109 0.662109 0.777344 0.662109 0.773438 0.664062 0.765625 0.675781
1 0.763672 0.554688 0.441406 0.697266 0.453125 0.707031 0.535156 0.671875 0.574219 0.666016 0.611328 0.642578 0.632812 0.642578 0.683594 0.605469 0.740234 0.585938
1 0.380859 0.412109 0.363281 0.605469 0.371094 0.599609 0.388672 0.460938 0.392578 0.451172 0.392578 0.437500
1 0.513672 0.333984 0.511719 0.337891 0.503906 0.345703 0.503906 0.347656 0.500000 0.349609 0.492188 0.359375 0.490234 0.367188 0.482422 0.378906 0.482422 0.382812 0.486328 0.386719 0.488281 0.386719 0.492188 0.390625 0.492188 0.392578 0.494141 0.392578 0.498047 0.396484 0.498047 0.398438 0.501953 0.398438 0.505859 0.388672 0.509766 0.384766 0.515625 0.373047 0.535156 0.363281 0.535156 0.349609 0.531250 0.351562 0.521484 0.351562 0.517578 0.345703 0.517578 0.339844
1 0.501953 0.125000 0.496094 0.125000 0.494141 0.123047 0.490234 0.125000 0.466797 0.150391 0.457031 0.144531 0.453125 0.144531 0.443359 0.138672 0.437500 0.138672 0.433594 0.134766 0.421875 0.130859 0.425781 0.138672 0.425781 0.148438 0.427734 0.150391 0.427734 0.160156 0.429688 0.162109 0.429688 0.171875 0.431641 0.173828 0.433594 0.189453 0.439453 0.187500 0.441406 0.183594 0.451172 0.177734 0.453125 0.173828 0.470703 0.160156
1 0.683594 0.048828 0.636719 0.105469 0.623047 0.101562 0.578125 0.175781 0.568359 0.156250 0.546875 0.162109 0.523438 0.193359 0.527344 0.218750 0.576172 0.183594 0.583984 0.201172 0.591797 0.187500 0.605469 0.220703 0.593750 0.250000 0.595703 0.259766 0.615234 0.222656 0.638672 0.152344 0.714844 0.099609 0.705078 0.074219
2 0.576172 0.189453 0.533203 0.220703 0.519531 0.197266 0.455078 0.250000 0.408203 0.226562 0.371094 0.250000 0.388672 0.285156 0.359375 0.328125 0.394531 0.451172 0.363281 0.617188 0.382812 0.697266 0.408203 0.712891 0.416016 0.701172 0.470703 0.750000 0.474609 0.775391 0.494141 0.751953 0.525391 0.753906 0.521484 0.734375 0.488281 0.736328 0.433594 0.697266 0.537109 0.652344 0.484375 0.568359 0.474609 0.632812 0.468750 0.564453 0.441406 0.535156 0.470703 0.488281 0.474609 0.410156 0.492188 0.466797 0.490234 0.359375 0.541016 0.291016 0.599609 0.275391
