0 0.406250 0.437500 0.417969 0.447266 0.421875 0.447266 0.427734 0.451172 0.437500 0.453125 0.443359 0.457031 0.453125 0.458984 0.458984 0.462891 0.462891 0.462891 0.476562 0.468750 0.492188 0.458984 0.492188 0.455078 0.490234 0.453125 0.490234 0.443359 0.492188 0.441406 0.490234 0.437500 0.488281 0.437500 0.478516 0.427734 0.445312 0.427734 0.443359 0.429688 0.437500 0.429688 0.429688 0.433594 0.419922 0.433594 0.417969 0.435547
0 0.716797 0.382812 0.707031 0.392578 0.697266 0.416016 0.650391 0.421875 0.628906 0.414062 0.585938 0.417969 0.572266 0.431641 0.583984 0.447266 0.603516 0.447266 0.617188 0.464844 0.714844 0.470703
0 0.751953 0.324219 0.746094 0.333984 0.734375 0.347656 0.734375 0.386719 0.736328 0.388672 0.736328 0.396484 0.738281 0.398438 0.740234 0.410156 0.744141 0.408203 0.757812 0.408203 0.761719 0.406250 0.761719 0.402344 0.763672 0.400391 0.763672 0.390625 0.759766 0.382812 0.759766 0.376953 0.755859 0.369141 0.755859 0.359375 0.753906 0.357422 0.753906 0.328125
0 0.746094 0.232422 0.724609 0.199219 0.710938 0.261719 0.689453 0.244141 0.656250 0.246094 0.636719 0.238281 0.310547 0.294922 0.308594 0.341797 0.712891 0.310547 0.732422 0.294922
0 0.642578 0.011719 0.650391 0.033203 0.664062 0.046875 0.671875 0.039062 0.679688 0.054688 0.693359 0.062500 0.699219 0.103516 0.751953 0.099609 0.943359 0.060547 0.992188 0.037109 0.986328 0.023438 0.914062 0.023438 0.884766 0.052734 0.804688 0.076172 0.728516 0.087891 0.716797 0.074219 0.728516 0.050781 0.724609 0.021484 0.730469 0.001953 0.650391 0.001953
1 0.898438 0.687500 0.896484 0.621094 0.847656 0.484375 0.802734 0.486328 0.791016 0.539062 0.773438 0.535156 0.769531 0.455078 0.750000 0.447266 0.744141 0.416016 0.734375 0.513672 0.748047 0.529297 0.667969 0.513672 0.621094 0.527344 0.347656 0.521484 0.302734 0.484375 0.287109 0.544922 0.201172 0.591797 0.197266 0.615234 0.304688 0.638672 0.380859 0.607422 0.369141 0.652344
1 0.767578 0.242188 0.746094 0.238281 0.736328 0.292969 0.712891 0.312500 0.324219 0.347656 0.359375 0.441406 0.349609 0.498047 0.472656 0.507812 0.492188 0.472656 0.402344 0.437500 0.466797 0.423828 0.488281 0.433594 0.488281 0.400391 0.525391 0.380859 0.544922 0.394531 0.550781 0.498047 0.562500 0.507812 0.699219 0.500000 0.710938 0.476562 0.617188 0.466797 0.580078 0.451172 0.566406 0.427734 0.599609 0.414062 0.695312 0.414062 0.718750 0.355469 0.742188 0.335938
1 0.093750 0.230469 0.087891 0.222656 0.066406 0.222656 0.060547 0.228516 0.042969 0.226562 0.046875 0.230469 0.046875 0.236328 0.041016 0.244141 0.033203 0.244141 0.031250 0.246094 0.023438 0.246094 0.013672 0.242188 0.003906 0.261719 0.003906 0.265625 0.009766 0.261719 0.021484 0.259766 0.031250 0.253906 0.037109 0.253906 0.046875 0.248047 0.062500 0.244141 0.072266 0.238281 0.078125 0.238281
1 0.673828 0.044922 0.658203 0.046875 0.642578 0.009766 0.621094 0.001953 0.519531 0.011719 0.521484 0.044922 0.548828 0.064453 0.554688 0.107422 0.583984 0.123047 0.609375 0.166016 0.658203 0.205078 0.445312 0.246094 0.312500 0.257812 0.304688 0.296875 0.636719 0.236328 0.689453 0.242188 0.710938 0.257812 0.726562 0.183594
1 0.734375 0.070312 0.757812 0.066406 0.775391 0.054688 0.828125 0.039062 0.837891 0.033203 0.875000 0.025391 0.910156 0.007812 0.783203 0.000000 0.738281 0.005859 0.726562 0.021484 0.730469 0.029297 0.730469 0.056641
