0 0.027344 0.267578 0.062500 0.347656 0.125000 0.376953 0.154297 0.429688 0.169922 0.421875 0.175781 0.435547 0.193359 0.414062 0.191406 0.345703 0.152344 0.287109 0.128906 0.281250 0.056641 0.277344
0 0.169922 0.207031 0.142578 0.162109 0.111328 0.166016 0.080078 0.130859 0.052734 0.171875 0.035156 0.191406 0.000000 0.208984 0.000000 0.226562 0.095703 0.207031 0.125000 0.189453 0.132812 0.189453
0 0.294922 0.000000 0.302734 0.203125 0.265625 0.244141 0.275391 0.259766 0.300781 0.257812 0.302734 0.205078 0.322266 0.220703 0.308594 0.085938 0.328125 0.216797 0.369141 0.236328 0.421875 0.212891 0.449219 0.259766 0.640625 0.248047 0.677734 0.263672 0.685547 0.310547 0.998047 0.322266 0.998047 0.287109 0.914062 0.287109 0.882812 0.255859 0.849609 0.263672 0.720703 0.210938 0.457031 0.230469 0.449219 0.197266 0.423828 0.191406 0.414062 0.000000 0.396484 0.001953 0.398438 0.207031 0.371094 0.220703 0.349609 0.000000
0 0.212891 0.000000 0.216797 0.101562 0.210938 0.099609 0.191406 0.066406 0.187500 0.083984 0.228516 0.162109 0.232422 0.195312 0.255859 0.240234 0.240234 0.195312 0.255859 0.166016 0.234375 0.097656 0.259766 0.093750 0.253906 0.001953
0 0.048828 0.000000 0.232422 0.283203 0.244141 0.238281 0.076172 0.001953
1 0.484375 0.595703 0.457031 0.578125 0.330078 0.636719 0.251953 0.607422 0.183594 0.638672 0.183594 0.673828 0.289062 0.724609 0.484375 0.623047
1 0.382812 0.355469 0.396484 0.410156 0.408203 0.410156 0.427734 0.404297 0.443359 0.404297 0.464844 0.398438 0.486328 0.396484 0.486328 0.371094 0.482422 0.369141 0.466797 0.367188 0.464844 0.375000 0.417969 0.375000 0.414062 0.371094 0.412109 0.357422
1 0.066406 0.351562 0.109375 0.457031 0.162109 0.468750 0.175781 0.445312 0.167969 0.427734 0.154297 0.435547 0.142578 0.412109 0.138672 0.410156 0.126953 0.382812
1 0.998047 0.410156 0.998047 0.328125 0.937500 0.320312 0.880859 0.337891 0.419922 0.333984 0.419922 0.355469
1 0.277344 0.261719 0.304688 0.302734 0.371094 0.285156 0.402344 0.310547 0.683594 0.312500 0.669922 0.261719 0.630859 0.253906 0.554688 0.263672 0.447266 0.263672 0.421875 0.214844 0.369141 0.238281 0.345703 0.216797 0.322266 0.222656 0.302734 0.208984 0.302734 0.257812
1 0.292969 0.000000 0.255859 0.000000 0.263672 0.093750 0.238281 0.103516 0.259766 0.164062 0.244141 0.195312 0.257812 0.242188 0.244141 0.244141 0.232422 0.285156 0.173828 0.212891 0.128906 0.193359 0.087891 0.214844 0.001953 0.228516 0.003906 0.261719 0.160156 0.281250 0.152344 0.285156 0.193359 0.345703 0.197266 0.412109 0.179688 0.443359 0.230469 0.498047 0.222656 0.349609 0.244141 0.314453 0.238281 0.292969 0.271484 0.257812 0.261719 0.244141 0.283203 0.236328 0.283203 0.214844 0.300781 0.199219
2 0.111328 0.460938 0.144531 0.531250 0.125000 0.546875 0.138672 0.568359 0.328125 0.630859 0.455078 0.576172 0.488281 0.595703 0.488281 0.623047 0.541016 0.605469 0.539062 0.564453 0.501953 0.558594 0.496094 0.531250 0.480469 0.523438 0.466797 0.406250 0.392578 0.410156 0.380859 0.355469 0.416016 0.355469 0.416016 0.333984 0.369141 0.335938 0.369141 0.314453 0.398438 0.310547 0.369141 0.287109 0.304688 0.304688 0.273438 0.259766 0.242188 0.292969 0.248047 0.314453 0.226562 0.347656 0.232422 0.500000 0.177734 0.445312 0.162109 0.470703
