0 0.494141 0.757812 0.494141 0.769531 0.498047 0.777344 0.500000 0.798828 0.501953 0.800781 0.501953 0.806641 0.503906 0.808594 0.503906 0.814453 0.505859 0.816406 0.507812 0.826172 0.515625 0.822266 0.519531 0.822266 0.525391 0.818359 0.529297 0.818359 0.535156 0.814453 0.539062 0.814453 0.542969 0.810547 0.546875 0.810547 0.552734 0.763672 0.539062 0.763672 0.537109 0.761719 0.519531 0.761719 0.517578 0.759766 0.500000 0.759766 0.498047 0.757812
0 0.451172 0.527344 0.453125 0.529297 0.453125 0.533203 0.458984 0.539062 0.458984 0.542969 0.462891 0.546875 0.464844 0.552734 0.466797 0.552734 0.468750 0.550781 0.486328 0.548828 0.494141 0.544922 0.501953 0.544922 0.505859 0.542969 0.505859 0.537109 0.507812 0.535156 0.507812 0.531250 0.511719 0.523438 0.511719 0.517578 0.509766 0.515625 0.501953 0.515625 0.500000 0.513672 0.494141 0.513672 0.492188 0.511719 0.484375 0.511719 0.482422 0.509766 0.476562 0.509766 0.474609 0.507812 0.466797 0.507812 0.464844 0.511719 0.460938 0.515625 0.458984 0.515625 0.458984 0.517578 0.453125 0.523438
0 0.529297 0.441406 0.527344 0.437500 0.523438 0.435547 0.523438 0.433594 0.521484 0.433594 0.507812 0.419922 0.505859 0.419922 0.503906 0.421875 0.494141 0.421875 0.492188 0.423828 0.486328 0.423828 0.484375 0.425781 0.476562 0.425781 0.470703 0.431641 0.470703 0.433594 0.466797 0.437500 0.462891 0.445312 0.464844 0.449219 0.466797 0.449219 0.470703 0.453125 0.470703 0.457031 0.472656 0.457031 0.476562 0.460938 0.476562 0.462891 0.488281 0.457031 0.498047 0.455078 0.501953 0.451172 0.511719 0.449219 0.521484 0.443359 0.525391 0.443359
0 0.386719 0.398438 0.361328 0.410156 0.361328 0.443359 0.330078 0.468750 0.316406 0.501953 0.289062 0.539062 0.294922 0.558594 0.328125 0.533203 0.337891 0.503906 0.345703 0.492188 0.376953 0.492188 0.392578 0.505859 0.398438 0.492188 0.398438 0.472656
0 0.494141 0.367188 0.494141 0.369141 0.505859 0.369141 0.507812 0.367188 0.523438 0.367188 0.525391 0.369141 0.529297 0.369141 0.531250 0.371094 0.535156 0.371094 0.537109 0.373047 0.539062 0.373047 0.542969 0.376953 0.546875 0.376953 0.544922 0.375000 0.544922 0.373047 0.541016 0.367188 0.541016 0.363281 0.539062 0.361328 0.539062 0.359375 0.531250 0.359375 0.529297 0.357422 0.519531 0.357422 0.517578 0.355469 0.507812 0.355469 0.503906 0.359375 0.501953 0.359375 0.501953 0.361328 0.496094 0.367188
0 0.576172 0.312500 0.523438 0.556641 0.605469 0.615234 0.613281 0.642578 0.652344 0.656250 0.685547 0.638672 0.849609 0.675781 0.998047 0.677734 0.998047 0.646484 0.900391 0.636719 0.857422 0.652344 0.720703 0.591797 0.656250 0.630859 0.578125 0.570312 0.570312 0.552734 0.595703 0.435547 0.580078 0.414062 0.599609 0.333984
0 0.486328 0.191406 0.464844 0.189453 0.464844 0.236328 0.404297 0.357422 0.412109 0.451172 0.402344 0.529297 0.357422 0.523438 0.365234 0.541016 0.421875 0.582031 0.462891 0.416016 0.439453 0.408203 0.449219 0.373047 0.480469 0.378906 0.490234 0.347656 0.453125 0.320312 0.492188 0.222656
0 0.000000 0.000000 0.000000 0.158203 0.138672 0.615234 0.232422 0.589844 0.298828 0.597656 0.296875 0.574219 0.267578 0.572266 0.158203 0.007812 0.132812 0.000000 0.125000 0.085938 0.138672 0.193359 0.162109 0.167969 0.193359 0.349609 0.130859 0.246094 0.058594 0.005859
1 0.335938 0.560547 0.347656 0.623047 0.498047 0.595703 0.476562 0.652344 0.492188 0.685547 0.552734 0.644531 0.525391 0.617188 0.527344 0.562500 0.492188 0.585938 0.476562 0.589844 0.412109 0.585938 0.367188 0.544922
1 0.025391 0.244141 0.003906 0.257812 0.001953 0.482422 0.099609 0.503906
2 0.001953 0.488281 0.000000 0.730469 0.042969 0.730469 0.029297 0.785156 0.091797 0.794922 0.070312 0.996094 0.498047 0.998047 0.496094 0.921875 0.445312 0.914062 0.500000 0.830078 0.492188 0.755859 0.998047 0.824219 0.998047 0.681641 0.685547 0.640625 0.652344 0.658203 0.533203 0.566406 0.560547 0.644531 0.490234 0.689453 0.472656 0.658203 0.498047 0.599609 0.345703 0.625000 0.332031 0.558594 0.380859 0.500000 0.345703 0.494141 0.302734 0.599609 0.138672 0.617188 0.105469 0.509766
2 0.496094 0.000000 0.373047 0.001953 0.400391 0.353516 0.457031 0.242188 0.457031 0.187500 0.550781 0.183594 0.552734 0.160156 0.541016 0.150391
