0 0.492188 0.765625 0.683594 0.828125 0.681641 0.779297 0.570312 0.755859 0.560547 0.750000
0 0.169922 0.431641 0.132812 0.451172 0.101562 0.515625 0.011719 0.541016 0.000000 0.589844 0.181641 0.595703 0.183594 0.570312 0.146484 0.492188
0 0.726562 0.414062 0.685547 0.447266 0.664062 0.433594 0.662109 0.439453 0.640625 0.460938 0.642578 0.523438 0.654297 0.527344 0.666016 0.468750 0.671875 0.462891 0.699219 0.455078 0.751953 0.496094
0 0.226562 0.384766 0.287109 0.382812 0.353516 0.402344 0.427734 0.400391 0.597656 0.417969 0.541016 0.394531 0.560547 0.347656 0.539062 0.333984 0.515625 0.378906 0.494141 0.386719 0.498047 0.353516 0.472656 0.380859 0.404297 0.326172 0.396484 0.375000 0.320312 0.375000 0.285156 0.353516
0 0.964844 0.117188 0.976562 0.246094 0.992188 0.257812 0.992188 0.306641 0.976562 0.322266 0.974609 0.353516 0.904297 0.335938 0.888672 0.343750 0.933594 0.359375 0.941406 0.380859 0.960938 0.380859 0.939453 0.441406 0.906250 0.433594 0.910156 0.470703 0.933594 0.486328 0.929688 0.507812 0.912109 0.519531 0.832031 0.513672 0.843750 0.466797 0.835938 0.462891 0.818359 0.509766 0.802734 0.509766 0.789062 0.484375 0.765625 0.503906 0.796875 0.529297 0.921875 0.535156 0.998047 0.441406 0.996094 0.169922
0 0.902344 0.000000 0.835938 0.003906 0.757812 0.132812 0.685547 0.185547 0.689453 0.302734 0.742188 0.291016 0.773438 0.314453 0.888672 0.337891 0.919922 0.251953 0.923828 0.146484 0.943359 0.119141 0.908203 0.080078 0.923828 0.058594 0.892578 0.042969
1 0.998047 0.443359 0.972656 0.486328 0.921875 0.537109 0.796875 0.535156 0.738281 0.486328 0.746094 0.568359 0.998047 0.587891
1 0.455078 0.207031 0.447266 0.257812 0.453125 0.267578 0.453125 0.275391 0.460938 0.292969 0.460938 0.300781 0.468750 0.318359 0.468750 0.326172 0.476562 0.341797 0.476562 0.351562 0.482422 0.361328 0.500000 0.343750 0.482422 0.302734 0.464844 0.287109 0.451172 0.255859
1 0.226562 0.060547 0.193359 0.044922 0.169922 0.000000 0.125000 0.052734 0.078125 0.037109 0.126953 0.087891 0.144531 0.080078 0.142578 0.068359 0.154297 0.064453 0.156250 0.060547 0.166016 0.058594 0.175781 0.076172 0.222656 0.064453
2 0.000000 0.591797 0.000000 0.876953 0.099609 0.884766 0.138672 0.841797 0.384766 0.789062 0.402344 0.822266 0.828125 0.998047 0.904297 0.964844 0.998047 0.996094 0.998047 0.589844 0.746094 0.574219 0.736328 0.484375 0.701172 0.457031 0.669922 0.466797 0.652344 0.529297 0.638672 0.460938 0.597656 0.419922 0.222656 0.388672 0.179688 0.412109 0.150391 0.488281 0.181641 0.599609
