0 0.492188 0.373047 0.482422 0.386719 0.482422 0.541016 0.486328 0.542969 0.498047 0.542969 0.507812 0.529297 0.503906 0.515625 0.494141 0.498047
0 0.880859 0.355469 0.716797 0.271484 0.667969 0.277344 0.599609 0.478516 0.601562 0.517578 0.623047 0.525391 0.634766 0.546875 0.654297 0.521484 0.705078 0.322266 0.837891 0.365234
0 0.537109 0.150391 0.525391 0.156250 0.527344 0.173828 0.537109 0.173828 0.535156 0.404297 0.511719 0.525391 0.529297 0.521484 0.535156 0.453125 0.552734 0.437500 0.541016 0.414062 0.546875 0.406250 0.566406 0.400391 0.601562 0.462891 0.601562 0.376953 0.621094 0.339844 0.625000 0.257812 0.613281 0.242188 0.601562 0.248047 0.601562 0.203125 0.566406 0.160156 0.541016 0.162109
0 0.773438 0.000000 0.792969 0.060547 0.820312 0.085938 0.820312 0.109375 0.835938 0.154297 0.859375 0.171875 0.863281 0.197266 0.882812 0.205078 0.876953 0.222656 0.904297 0.246094 0.929688 0.291016 0.900391 0.224609 0.783203 0.001953
0 0.513672 0.000000 0.474609 0.000000 0.476562 0.222656 0.486328 0.238281 0.492188 0.333984 0.501953 0.205078 0.521484 0.169922
0 0.000000 0.000000 0.000000 0.570312 0.062500 0.550781 0.070312 0.455078 0.142578 0.488281 0.158203 0.525391 0.162109 0.500000 0.359375 0.455078 0.384766 0.501953 0.427734 0.517578 0.453125 0.496094 0.443359 0.000000 0.443359 0.419922 0.414062 0.445312 0.376953 0.388672 0.357422 0.091797 0.335938 0.232422 0.361328 0.373047 0.312500 0.404297 0.287109 0.357422 0.160156 0.326172 0.087891 0.378906 0.062500 0.003906
1 0.660156 0.562500 0.658203 0.552734 0.632812 0.552734 0.625000 0.531250 0.613281 0.525391 0.609375 0.539062 0.605469 0.542969 0.531250 0.529297 0.509766 0.542969 0.531250 0.550781 0.542969 0.568359 0.550781 0.568359 0.556641 0.572266 0.566406 0.572266 0.580078 0.566406 0.589844 0.570312 0.605469 0.560547 0.623047 0.576172 0.632812 0.580078
1 0.580078 0.574219 0.517578 0.601562 0.455078 0.603516 0.476562 0.578125 0.439453 0.568359 0.455078 0.552734 0.453125 0.498047 0.427734 0.521484 0.386719 0.507812 0.363281 0.460938 0.214844 0.509766 0.164062 0.501953 0.158203 0.533203 0.142578 0.494141 0.072266 0.462891 0.064453 0.550781 0.000000 0.572266 0.000000 0.767578 0.406250 0.617188 0.324219 0.679688 0.531250 0.701172 0.570312 0.652344 0.527344 0.669922 0.457031 0.660156 0.464844 0.621094 0.527344 0.625000 0.576172 0.595703
1 0.562500 0.402344 0.546875 0.412109 0.558594 0.437500 0.539062 0.457031 0.531250 0.517578 0.544922 0.505859 0.597656 0.513672 0.599609 0.464844 0.580078 0.423828
1 0.486328 0.062500 0.488281 0.160156 0.500000 0.160156 0.500000 0.136719 0.498047 0.134766 0.498047 0.099609 0.496094 0.097656 0.496094 0.083984 0.494141 0.082031 0.494141 0.070312 0.492188 0.066406 0.490234 0.066406
