0 0.679688 0.644531 0.666016 0.636719 0.517578 0.802734 0.316406 0.966797 0.224609 0.966797 0.171875 0.904297 0.000000 0.896484 0.000000 0.998047 0.419922 0.998047
0 0.998047 0.314453 0.601562 0.378906 0.660156 0.386719 0.726562 0.466797 0.718750 0.380859 0.998047 0.351562
0 0.818359 0.158203 0.818359 0.160156 0.816406 0.162109 0.816406 0.166016 0.814453 0.167969 0.814453 0.171875 0.812500 0.173828 0.812500 0.177734 0.808594 0.183594 0.808594 0.187500 0.806641 0.189453 0.806641 0.193359 0.804688 0.195312 0.804688 0.197266 0.802734 0.199219 0.802734 0.203125 0.800781 0.205078 0.824219 0.220703 0.824219 0.216797 0.822266 0.214844 0.822266 0.195312 0.820312 0.193359 0.820312 0.173828 0.818359 0.171875
0 0.765625 0.000000 0.517578 0.000000 0.515625 0.130859 0.535156 0.078125 0.572266 0.119141 0.570312 0.228516 0.539062 0.279297 0.523438 0.240234 0.511719 0.484375 0.486328 0.500000 0.478516 0.533203 0.439453 0.492188 0.375000 0.466797 0.443359 0.560547 0.509766 0.580078 0.509766 0.500000 0.572266 0.480469 0.595703 0.373047 0.712891 0.349609 0.714844 0.296875 0.759766 0.283203
0 0.304688 0.005859 0.250000 0.001953 0.298828 0.175781 0.261719 0.257812 0.275391 0.330078 0.218750 0.421875 0.164062 0.404297 0.103516 0.519531 0.076172 0.500000 0.099609 0.390625 0.148438 0.333984 0.195312 0.365234 0.216797 0.267578 0.251953 0.240234 0.273438 0.167969 0.244141 0.001953 0.158203 0.021484 0.197266 0.125000 0.181641 0.240234 0.138672 0.220703 0.068359 0.263672 0.054688 0.345703 0.000000 0.363281 0.000000 0.671875 0.164062 0.472656 0.306641 0.425781 0.318359 0.453125 0.335938 0.416016 0.300781 0.318359 0.324219 0.302734 0.349609 0.408203 0.384766 0.316406 0.339844 0.189453 0.363281 0.042969
1 0.720703 0.576172 0.718750 0.576172 0.712891 0.582031 0.712891 0.583984 0.705078 0.589844 0.705078 0.591797 0.687500 0.611328 0.687500 0.613281 0.685547 0.615234 0.683594 0.615234 0.683594 0.617188 0.681641 0.619141 0.681641 0.623047 0.683594 0.625000 0.685547 0.634766 0.687500 0.634766 0.695312 0.626953 0.695312 0.625000 0.703125 0.617188 0.703125 0.615234 0.708984 0.609375 0.710938 0.609375 0.710938 0.607422 0.718750 0.599609 0.718750 0.597656 0.728516 0.587891 0.728516 0.583984
1 0.511719 0.580078 0.441406 0.564453 0.351562 0.429688 0.335938 0.429688 0.318359 0.460938 0.302734 0.433594 0.279297 0.457031 0.267578 0.441406 0.218750 0.480469 0.166016 0.480469 0.089844 0.587891 0.000000 0.679688 0.001953 0.816406 0.099609 0.769531 0.156250 0.697266 0.234375 0.667969 0.410156 0.664062 0.470703 0.626953
1 0.632812 0.388672 0.632812 0.425781 0.650391 0.453125 0.648438 0.482422 0.714844 0.542969 0.726562 0.470703 0.658203 0.390625
1 0.169922 0.001953 0.000000 0.000000 0.000000 0.359375 0.048828 0.347656 0.062500 0.261719 0.140625 0.214844 0.177734 0.236328 0.169922 0.173828 0.193359 0.125000 0.154297 0.025391
2 0.378906 0.560547 0.375000 0.568359 0.378906 0.572266 0.378906 0.578125 0.382812 0.585938 0.382812 0.597656 0.380859 0.599609 0.380859 0.605469 0.376953 0.613281 0.376953 0.621094 0.384766 0.621094 0.386719 0.623047 0.390625 0.623047 0.394531 0.625000 0.400391 0.621094 0.404297 0.621094 0.408203 0.619141 0.412109 0.615234 0.412109 0.611328 0.416016 0.603516 0.410156 0.595703 0.406250 0.585938 0.398438 0.576172 0.398438 0.572266 0.388672 0.562500 0.384766 0.560547
