0 0.240234 0.376953 0.205078 0.365234 0.197266 0.365234 0.191406 0.361328 0.175781 0.361328 0.167969 0.365234 0.156250 0.365234 0.148438 0.369141 0.136719 0.369141 0.121094 0.375000 0.103516 0.376953
0 0.482422 0.353516 0.451172 0.324219 0.353516 0.337891 0.320312 0.373047 0.396484 0.375000 0.414062 0.359375 0.472656 0.357422
0 0.826172 0.021484 0.824219 0.023438 0.822266 0.023438 0.818359 0.027344 0.816406 0.027344 0.812500 0.031250 0.810547 0.031250 0.806641 0.035156 0.808594 0.037109 0.808594 0.039062 0.810547 0.039062 0.812500 0.041016 0.812500 0.042969 0.820312 0.050781 0.820312 0.052734 0.822266 0.052734 0.824219 0.054688 0.826172 0.054688 0.828125 0.052734 0.830078 0.052734 0.832031 0.050781 0.832031 0.044922 0.830078 0.042969 0.830078 0.037109 0.828125 0.035156 0.828125 0.027344 0.826172 0.025391
0 0.638672 0.003906 0.597656 0.005859 0.595703 0.166016 0.605469 0.199219 0.632812 0.150391
0 0.998047 0.001953 0.976562 0.001953 0.980469 0.283203 0.998047 0.267578
0 0.935547 0.000000 0.929688 0.000000 0.927734 0.001953 0.914062 0.001953 0.912109 0.003906 0.906250 0.003906 0.906250 0.033203 0.904297 0.035156 0.904297 0.064453 0.908203 0.054688 0.912109 0.050781 0.912109 0.048828 0.919922 0.035156 0.919922 0.031250 0.927734 0.017578 0.927734 0.013672 0.929688 0.011719 0.929688 0.009766 0.931641 0.007812 0.933594 0.007812 0.933594 0.005859 0.935547 0.003906
1 0.408203 0.376953 0.000000 0.382812 0.000000 0.406250 0.382812 0.410156
1 0.941406 0.000000 0.904297 0.076172 0.884766 0.363281 0.898438 0.378906 0.998047 0.392578 0.998047 0.271484 0.976562 0.289062 0.974609 0.000000
1 0.816406 0.000000 0.642578 0.001953 0.634766 0.156250 0.607422 0.207031 0.595703 0.169922 0.539062 0.134766 0.519531 0.173828 0.513672 0.345703 0.617188 0.275391 0.796875 0.212891 0.802734 0.033203 0.816406 0.023438
2 0.919922 0.652344 0.882812 0.654297 0.876953 0.750000 0.853516 0.769531 0.849609 0.802734 0.886719 0.851562 0.894531 0.833984 0.960938 0.833984 0.966797 0.781250 0.941406 0.755859 0.943359 0.664062
2 0.890625 0.382812 0.892578 0.494141 0.878906 0.494141 0.878906 0.527344 0.886719 0.535156 0.888672 0.576172 0.957031 0.585938 0.990234 0.632812 0.998047 0.656250 0.998047 0.398438
2 0.792969 0.216797 0.613281 0.281250 0.513672 0.351562 0.509766 0.378906 0.410156 0.375000 0.382812 0.414062 0.337891 0.431641 0.343750 0.484375 0.417969 0.482422 0.439453 0.541016 0.332031 0.583984 0.333984 0.626953 0.583984 0.683594 0.638672 0.642578 0.648438 0.617188 0.669922 0.619141 0.669922 0.582031 0.738281 0.558594 0.746094 0.457031 0.734375 0.453125 0.806641 0.412109 0.808594 0.371094 0.791016 0.367188
