0 0.324219 0.619141 0.324219 0.642578 0.318359 0.646484 0.224609 0.666016 0.242188 0.742188 0.378906 0.710938
0 0.156250 0.521484 0.148438 0.517578 0.144531 0.517578 0.142578 0.519531 0.134766 0.519531 0.128906 0.523438 0.128906 0.527344 0.125000 0.533203 0.125000 0.537109 0.123047 0.539062 0.123047 0.544922 0.121094 0.546875 0.121094 0.578125 0.125000 0.576172 0.128906 0.576172 0.130859 0.574219 0.140625 0.574219 0.142578 0.572266 0.146484 0.572266 0.150391 0.570312 0.150391 0.544922 0.158203 0.537109 0.162109 0.535156 0.158203 0.529297 0.158203 0.525391
0 0.009766 0.322266 0.011719 0.328125 0.058594 0.330078 0.042969 0.335938 0.183594 0.333984 0.181641 0.343750 0.062500 0.347656 0.048828 0.353516 0.201172 0.347656 0.191406 0.333984 0.203125 0.322266
0 0.300781 0.234375 0.292969 0.259766 0.275391 0.273438 0.283203 0.285156 0.273438 0.347656 0.250000 0.388672 0.244141 0.416016 0.208984 0.402344 0.199219 0.414062 0.244141 0.498047 0.224609 0.507812 0.226562 0.537109 0.244141 0.546875 0.242188 0.570312 0.279297 0.564453 0.277344 0.542969 0.292969 0.541016 0.291016 0.503906 0.275391 0.505859 0.267578 0.496094 0.267578 0.414062 0.326172 0.236328
0 0.000000 0.246094 0.177734 0.248047 0.185547 0.228516 0.185547 0.207031 0.218750 0.201172 0.218750 0.189453 0.000000 0.181641
0 0.000000 0.041016 0.000000 0.095703 0.183594 0.113281 0.183594 0.074219 0.154297 0.070312
0 0.630859 0.015625 0.628906 0.015625 0.626953 0.017578 0.626953 0.019531 0.623047 0.023438 0.623047 0.025391 0.617188 0.033203 0.617188 0.041016 0.619141 0.042969 0.619141 0.054688 0.621094 0.056641 0.621094 0.064453 0.623047 0.066406 0.623047 0.076172 0.625000 0.078125 0.625000 0.080078 0.628906 0.080078 0.630859 0.078125 0.636719 0.078125 0.636719 0.072266 0.638672 0.070312 0.638672 0.064453 0.640625 0.062500 0.640625 0.056641 0.642578 0.054688 0.642578 0.048828 0.644531 0.046875 0.644531 0.039062 0.646484 0.037109 0.646484 0.031250 0.648438 0.029297 0.648438 0.023438 0.646484 0.021484 0.642578 0.021484 0.638672 0.017578 0.632812 0.017578
0 0.509766 0.000000 0.605469 0.496094 0.685547 0.564453 0.773438 0.589844 0.853516 0.574219 0.929688 0.626953 0.998047 0.632812 0.998047 0.458984 0.912109 0.386719 0.894531 0.048828 0.843750 0.000000 0.734375 0.000000 0.726562 0.138672 0.777344 0.320312 0.701172 0.470703 0.666016 0.412109 0.632812 0.451172 0.597656 0.271484 0.613281 0.173828 0.570312 0.197266 0.552734 0.107422 0.603516 0.130859 0.609375 0.019531
0 0.224609 0.000000 0.234375 0.083984 0.255859 0.087891 0.281250 0.107422 0.304688 0.070312 0.353516 0.072266 0.371094 0.087891 0.382812 0.148438 0.402344 0.146484 0.400391 0.037109 0.271484 0.000000
1 0.314453 0.580078 0.554688 0.998047 0.998047 0.998047 0.998047 0.910156 0.884766 0.832031 0.875000 0.771484 0.474609 0.548828
1 0.558594 0.515625 0.556641 0.554688 0.998047 0.757812 0.998047 0.634766 0.929688 0.628906 0.853516 0.576172 0.773438 0.591797 0.685547 0.566406 0.636719 0.539062 0.603516 0.498047
1 0.000000 0.000000 0.000000 0.039062 0.191406 0.074219 0.197266 0.080078 0.208984 0.146484 0.279297 0.160156 0.279297 0.111328 0.228516 0.078125 0.222656 0.000000
2 0.279297 0.001953 0.410156 0.037109 0.417969 0.150391 0.376953 0.152344 0.353516 0.076172 0.306641 0.074219 0.283203 0.113281 0.283203 0.160156 0.341797 0.173828 0.353516 0.226562 0.287109 0.419922 0.296875 0.554688 0.312500 0.576172 0.468750 0.546875 0.472656 0.523438 0.552734 0.554688 0.556641 0.515625 0.603516 0.494141 0.570312 0.257812 0.539062 0.183594 0.507812 0.001953
