0 0.164062 0.730469 0.863281 0.750000 0.843750 0.722656 0.769531 0.720703 0.865234 0.675781 0.800781 0.660156 0.623047 0.671875 0.275391 0.654297 0.310547 0.634766 0.296875 0.623047 0.289062 0.558594 0.253906 0.558594 0.224609 0.646484 0.175781 0.654297
0 0.720703 0.466797 0.710938 0.505859 0.710938 0.550781 0.716797 0.570312 0.718750 0.607422 0.744141 0.607422 0.755859 0.599609 0.753906 0.589844 0.771484 0.568359 0.759766 0.541016 0.734375 0.511719 0.734375 0.503906 0.738281 0.494141 0.761719 0.492188 0.763672 0.472656
0 0.310547 0.417969 0.308594 0.419922 0.308594 0.423828 0.306641 0.425781 0.306641 0.431641 0.304688 0.433594 0.306641 0.435547 0.306641 0.443359 0.308594 0.445312 0.308594 0.449219 0.326172 0.451172 0.330078 0.455078 0.330078 0.458984 0.335938 0.468750 0.335938 0.472656 0.339844 0.478516 0.339844 0.482422 0.339844 0.472656 0.341797 0.470703 0.341797 0.431641 0.335938 0.431641 0.332031 0.429688 0.326172 0.423828 0.326172 0.421875 0.322266 0.421875 0.320312 0.419922 0.314453 0.419922
0 0.339844 0.603516 0.474609 0.603516 0.474609 0.435547 0.537109 0.427734 0.537109 0.609375 0.597656 0.574219 0.591797 0.531250 0.617188 0.513672 0.640625 0.527344 0.613281 0.615234 0.652344 0.607422 0.660156 0.435547 0.773438 0.437500 0.783203 0.398438 0.718750 0.376953 0.689453 0.347656 0.634766 0.378906 0.599609 0.357422 0.556641 0.380859 0.449219 0.359375 0.392578 0.392578 0.384766 0.343750 0.371094 0.347656 0.363281 0.398438 0.386719 0.455078 0.386719 0.548828 0.359375 0.568359 0.345703 0.531250
0 0.341797 0.257812 0.375000 0.302734 0.382812 0.283203 0.376953 0.265625 0.433594 0.265625 0.453125 0.281250 0.468750 0.261719 0.484375 0.279297 0.523438 0.271484 0.591797 0.289062 0.687500 0.287109 0.712891 0.275391 0.830078 0.279297 0.859375 0.263672 0.855469 0.240234 0.794922 0.250000 0.765625 0.234375 0.742188 0.255859 0.728516 0.246094 0.687500 0.255859 0.671875 0.248047 0.576172 0.255859 0.527344 0.250000 0.515625 0.236328 0.496094 0.250000 0.474609 0.214844 0.464844 0.242188 0.447266 0.255859
0 0.000000 0.152344 0.003906 0.261719 0.263672 0.269531 0.267578 0.228516 0.257812 0.224609 0.244141 0.201172 0.156250 0.158203 0.136719 0.158203 0.117188 0.167969 0.091797 0.154297
0 0.900391 0.123047 0.853516 0.085938 0.824219 0.103516 0.763672 0.095703 0.757812 0.109375 0.736328 0.109375 0.722656 0.134766 0.710938 0.125000 0.722656 0.076172 0.710938 0.068359 0.695312 0.085938 0.689453 0.136719 0.677734 0.148438 0.669922 0.109375 0.654297 0.101562 0.648438 0.146484 0.630859 0.156250 0.529297 0.148438 0.515625 0.125000 0.496094 0.150391 0.349609 0.150391 0.343750 0.175781 0.433594 0.181641 0.447266 0.167969 0.558594 0.179688 0.667969 0.169922 0.689453 0.181641 0.720703 0.167969 0.753906 0.181641 0.822266 0.152344 0.890625 0.152344
0 0.042969 0.031250 0.039062 0.035156 0.037109 0.035156 0.033203 0.039062 0.031250 0.039062 0.027344 0.042969 0.025391 0.042969 0.025391 0.044922 0.021484 0.050781 0.021484 0.054688 0.019531 0.056641 0.019531 0.064453 0.021484 0.066406 0.021484 0.070312 0.023438 0.072266 0.023438 0.078125 0.025391 0.080078 0.025391 0.083984 0.037109 0.083984 0.039062 0.082031 0.046875 0.082031 0.056641 0.072266 0.056641 0.070312 0.058594 0.068359 0.058594 0.062500 0.056641 0.060547 0.056641 0.052734 0.052734 0.046875 0.048828 0.046875 0.044922 0.042969 0.044922 0.039062 0.042969 0.037109
0 0.507812 0.001953 0.451172 0.003906 0.464844 0.011719 0.468750 0.017578 0.470703 0.046875 0.449219 0.087891 0.464844 0.107422 0.472656 0.107422 0.482422 0.101562 0.482422 0.093750 0.490234 0.072266 0.494141 0.074219 0.503906 0.099609 0.513672 0.087891 0.515625 0.037109 0.505859 0.015625
0 0.306641 0.001953 0.308594 0.027344 0.318359 0.037109 0.326172 0.101562 0.314453 0.115234 0.312500 0.146484 0.294922 0.154297 0.277344 0.150391 0.304688 0.216797 0.304688 0.228516 0.277344 0.253906 0.291016 0.263672 0.333984 0.265625 0.341797 0.232422 0.328125 0.207031 0.333984 0.177734 0.310547 0.177734 0.306641 0.166016 0.332031 0.154297 0.341797 0.142578 0.339844 0.130859 0.359375 0.119141 0.341797 0.101562 0.332031 0.068359 0.333984 0.042969 0.341797 0.039062 0.351562 0.050781 0.373047 0.048828 0.376953 0.017578 0.363281 0.015625 0.359375 0.001953
0 0.111328 0.005859 0.103516 0.005859 0.101562 0.003906 0.095703 0.003906 0.093750 0.001953 0.085938 0.001953 0.083984 0.003906 0.078125 0.003906 0.076172 0.005859 0.070312 0.005859 0.070312 0.017578 0.068359 0.019531 0.068359 0.035156 0.066406 0.037109 0.066406 0.044922 0.068359 0.042969 0.076172 0.042969 0.078125 0.041016 0.083984 0.041016 0.085938 0.039062 0.089844 0.039062 0.097656 0.031250 0.097656 0.029297 0.101562 0.025391 0.101562 0.023438 0.103516 0.021484 0.103516 0.019531 0.107422 0.015625 0.107422 0.011719
0 0.142578 0.000000 0.152344 0.009766 0.154297 0.009766 0.156250 0.011719 0.156250 0.013672 0.164062 0.021484 0.169922 0.021484 0.171875 0.023438 0.185547 0.023438 0.187500 0.021484 0.187500 0.019531 0.199219 0.007812 0.199219 0.005859 0.205078 0.000000
1 0.900391 0.154297 0.822266 0.156250 0.753906 0.183594 0.722656 0.171875 0.689453 0.183594 0.664062 0.175781 0.476562 0.183594 0.447266 0.171875 0.433594 0.183594 0.335938 0.179688 0.330078 0.205078 0.359375 0.220703 0.382812 0.210938 0.564453 0.212891 0.583984 0.220703 0.695312 0.212891 0.818359 0.226562 0.853516 0.222656 0.886719 0.203125
