0 0.386719 0.173828 0.365234 0.294922 0.365234 0.343750 0.386719 0.425781 0.421875 0.406250 0.431641 0.353516 0.416016 0.339844 0.429688 0.326172 0.437500 0.302734 0.425781 0.275391 0.449219 0.273438 0.439453 0.240234 0.421875 0.234375 0.416016 0.193359
0 0.998047 0.105469 0.871094 0.105469 0.917969 0.171875 0.845703 0.191406 0.845703 0.269531 0.830078 0.322266 0.808594 0.316406 0.791016 0.339844 0.806641 0.347656 0.808594 0.365234 0.839844 0.361328 0.867188 0.312500 0.861328 0.275391 0.875000 0.224609 0.998047 0.218750
0 0.861328 0.101562 0.742188 0.064453 0.730469 0.339844 0.750000 0.337891 0.746094 0.365234 0.697266 0.367188 0.679688 0.343750 0.667969 0.376953 0.777344 0.375000 0.777344 0.337891 0.757812 0.333984 0.761719 0.298828 0.744141 0.271484 0.748047 0.166016 0.755859 0.162109 0.748047 0.085938 0.806641 0.103516
0 0.208984 0.056641 0.144531 0.062500 0.072266 0.097656 0.074219 0.425781 0.089844 0.425781 0.099609 0.392578 0.126953 0.384766 0.128906 0.357422 0.111328 0.349609 0.105469 0.332031 0.128906 0.310547 0.156250 0.335938 0.150391 0.386719 0.181641 0.363281 0.181641 0.326172 0.195312 0.314453 0.197266 0.236328 0.173828 0.230469 0.146484 0.265625 0.115234 0.210938 0.091797 0.199219 0.117188 0.167969 0.142578 0.169922 0.156250 0.152344 0.156250 0.203125 0.173828 0.193359 0.195312 0.208984 0.193359 0.109375
0 0.294922 0.033203 0.216797 0.054688 0.212891 0.451172 0.257812 0.453125 0.314453 0.414062 0.314453 0.302734 0.273438 0.292969 0.265625 0.203125 0.277344 0.158203 0.273438 0.093750
1 0.314453 0.416016 0.257812 0.457031 0.212891 0.455078 0.207031 0.552734 0.208984 0.595703 0.226562 0.603516 0.248047 0.531250 0.310547 0.445312
1 0.128906 0.316406 0.119141 0.324219 0.109375 0.330078 0.109375 0.333984 0.115234 0.347656 0.123047 0.347656 0.126953 0.345703 0.134766 0.359375 0.134766 0.367188 0.132812 0.369141 0.128906 0.390625 0.148438 0.388672 0.150391 0.335938 0.148438 0.332031 0.146484 0.332031 0.144531 0.328125 0.132812 0.316406
1 0.156250 0.154297 0.138672 0.173828 0.128906 0.169922 0.117188 0.169922 0.095703 0.201172 0.115234 0.205078 0.119141 0.208984 0.146484 0.259766 0.175781 0.224609 0.195312 0.234375 0.193359 0.210938 0.175781 0.201172 0.154297 0.207031 0.146484 0.193359
1 0.740234 0.064453 0.488281 0.076172 0.539062 0.142578 0.599609 0.173828 0.611328 0.314453 0.726562 0.318359
1 0.320312 0.001953 0.072266 0.003906 0.074219 0.093750 0.142578 0.056641 0.218750 0.052734 0.291016 0.033203
2 0.195312 0.324219 0.185547 0.328125 0.183594 0.363281 0.148438 0.392578 0.103516 0.392578 0.091797 0.427734 0.074219 0.429688 0.072266 0.507812 0.105469 0.498047 0.160156 0.517578 0.195312 0.509766
2 0.998047 0.000000 0.328125 0.009766 0.289062 0.101562 0.285156 0.289062 0.335938 0.275391 0.335938 0.404297 0.232422 0.697266 0.304688 0.794922 0.363281 0.763672 0.462891 0.871094 0.458984 0.931641 0.601562 0.917969 0.595703 0.998047 0.669922 0.996094 0.814453 0.701172 0.705078 0.666016 0.757812 0.384766 0.664062 0.376953 0.726562 0.322266 0.609375 0.314453 0.595703 0.175781 0.484375 0.078125 0.744141 0.060547 0.998047 0.101562
