0 0.369141 0.435547 0.335938 0.419922 0.328125 0.455078 0.322266 0.503906 0.318359 0.509766 0.300781 0.511719 0.291016 0.525391 0.285156 0.541016 0.292969 0.548828 0.343750 0.535156 0.347656 0.439453 0.353516 0.439453 0.373047 0.455078
0 0.126953 0.367188 0.113281 0.380859 0.113281 0.382812 0.119141 0.388672 0.119141 0.390625 0.125000 0.396484 0.125000 0.398438 0.126953 0.398438 0.130859 0.402344 0.132812 0.402344 0.132812 0.400391 0.136719 0.396484 0.136719 0.394531 0.138672 0.392578 0.138672 0.388672 0.136719 0.386719 0.136719 0.382812 0.134766 0.380859 0.134766 0.378906 0.132812 0.376953 0.132812 0.375000 0.130859 0.373047 0.130859 0.371094 0.128906 0.369141 0.128906 0.367188
0 0.798828 0.316406 0.798828 0.326172 0.796875 0.328125 0.796875 0.343750 0.824219 0.343750 0.826172 0.345703 0.835938 0.345703 0.835938 0.341797 0.839844 0.335938 0.839844 0.332031 0.841797 0.330078 0.841797 0.328125 0.839844 0.328125 0.835938 0.324219 0.832031 0.324219 0.828125 0.320312 0.818359 0.328125 0.814453 0.328125 0.806641 0.320312 0.804688 0.320312 0.800781 0.316406
0 0.740234 0.283203 0.695312 0.302734 0.689453 0.308594 0.615234 0.294922 0.609375 0.396484 0.632812 0.402344 0.662109 0.337891 0.728516 0.306641 0.734375 0.300781
0 0.230469 0.060547 0.197266 0.064453 0.193359 0.128906 0.142578 0.166016 0.111328 0.146484 0.109375 0.082031 0.091797 0.082031 0.076172 0.123047 0.056641 0.087891 0.058594 0.539062 0.113281 0.541016 0.119141 0.515625 0.171875 0.519531 0.191406 0.496094 0.177734 0.447266 0.099609 0.464844 0.080078 0.412109 0.105469 0.380859 0.103516 0.347656 0.123047 0.341797 0.115234 0.320312 0.101562 0.330078 0.076172 0.253906 0.132812 0.236328 0.142578 0.263672 0.109375 0.273438 0.117188 0.310547 0.154297 0.275391 0.146484 0.234375 0.187500 0.230469 0.187500 0.169922 0.207031 0.154297 0.224609 0.167969 0.218750 0.232422 0.230469 0.240234
0 0.996094 0.050781 0.978516 0.044922 0.892578 0.068359 0.884766 0.089844 0.853516 0.093750 0.871094 0.121094 0.908203 0.093750 0.949219 0.091797 0.917969 0.132812 0.898438 0.132812 0.871094 0.156250 0.818359 0.136719 0.835938 0.216797 0.855469 0.203125 0.931641 0.193359 0.919922 0.160156 0.964844 0.148438 0.992188 0.150391 0.998047 0.158203
1 0.332031 0.421875 0.300781 0.492188 0.267578 0.507812 0.242188 0.496094 0.240234 0.576172 0.347656 0.607422 0.371094 0.625000 0.398438 0.632812 0.421875 0.576172 0.425781 0.521484 0.417969 0.466797 0.378906 0.423828 0.373047 0.457031 0.349609 0.441406 0.345703 0.537109 0.300781 0.550781 0.281250 0.541016 0.300781 0.509766 0.320312 0.503906
1 0.132812 0.244141 0.109375 0.248047 0.103516 0.251953 0.089844 0.253906 0.082031 0.257812 0.085938 0.265625 0.085938 0.271484 0.089844 0.279297 0.089844 0.285156 0.095703 0.298828 0.095703 0.304688 0.099609 0.312500 0.103516 0.330078 0.115234 0.318359 0.109375 0.283203 0.107422 0.281250 0.107422 0.271484 0.115234 0.267578 0.138672 0.263672 0.138672 0.257812
1 0.205078 0.160156 0.191406 0.173828 0.189453 0.232422 0.154297 0.232422 0.156250 0.271484 0.203125 0.273438 0.210938 0.259766 0.216797 0.285156 0.154297 0.277344 0.119141 0.312500 0.126953 0.343750 0.107422 0.347656 0.107422 0.380859 0.130859 0.363281 0.140625 0.394531 0.130859 0.410156 0.107422 0.384766 0.085938 0.416016 0.103516 0.462891 0.142578 0.445312 0.179688 0.441406 0.183594 0.460938 0.201172 0.447266 0.185547 0.464844 0.195312 0.494141 0.169922 0.523438 0.154297 0.511719 0.123047 0.519531 0.119141 0.541016 0.142578 0.558594 0.175781 0.548828 0.212891 0.574219 0.230469 0.556641 0.228516 0.302734 0.214844 0.287109 0.230469 0.244141 0.216797 0.232422 0.220703 0.169922
1 0.992188 0.152344 0.968750 0.152344 0.960938 0.156250 0.949219 0.156250 0.941406 0.160156 0.931641 0.160156 0.929688 0.162109 0.921875 0.164062 0.921875 0.166016 0.931641 0.185547 0.933594 0.193359 0.980469 0.191406 0.980469 0.189453 0.986328 0.183594 0.986328 0.181641 0.990234 0.179688 0.990234 0.177734 0.998047 0.167969 0.998047 0.164062
1 0.052734 0.000000 0.052734 0.076172 0.074219 0.117188 0.093750 0.072266 0.113281 0.078125 0.107422 0.103516 0.115234 0.146484 0.140625 0.162109 0.189453 0.128906 0.199219 0.080078 0.193359 0.046875 0.208984 0.042969 0.205078 0.013672 0.185547 0.000000
2 0.998047 0.000000 0.296875 0.003906 0.351562 0.044922 0.265625 0.082031 0.265625 0.279297 0.339844 0.298828 0.427734 0.550781 0.398438 0.634766 0.269531 0.589844 0.341797 0.611328 0.275391 0.703125 0.275391 0.755859 0.332031 0.792969 0.275391 0.886719 0.380859 0.945312 0.425781 0.888672 0.392578 0.787109 0.515625 0.884766 0.572266 0.884766 0.755859 0.699219 0.767578 0.408203 0.732422 0.341797 0.662109 0.341797 0.609375 0.400391 0.613281 0.294922 0.753906 0.275391 0.761719 0.048828 0.873047 0.150391 0.945312 0.093750 0.871094 0.125000 0.851562 0.093750 0.998047 0.048828
