0 0.066406 0.484375 0.052734 0.492188 0.048828 0.492188 0.044922 0.496094 0.041016 0.496094 0.039062 0.523438 0.029297 0.546875 0.031250 0.574219 0.058594 0.589844 0.089844 0.574219 0.091797 0.544922 0.093750 0.542969 0.087891 0.496094 0.083984 0.490234 0.072266 0.488281
0 0.832031 0.130859 0.802734 0.181641 0.822266 0.187500 0.822266 0.162109 0.835938 0.158203 0.851562 0.162109 0.886719 0.277344 0.923828 0.275391 0.941406 0.248047 0.935547 0.238281 0.945312 0.218750 0.888672 0.207031 0.857422 0.175781 0.855469 0.164062 0.869141 0.160156
0 0.316406 0.000000 0.332031 0.015625 0.333984 0.015625 0.335938 0.017578 0.335938 0.019531 0.337891 0.019531 0.343750 0.025391 0.345703 0.025391 0.345703 0.023438 0.347656 0.021484 0.347656 0.019531 0.349609 0.017578 0.349609 0.015625 0.351562 0.013672 0.351562 0.011719 0.355469 0.007812 0.355469 0.005859 0.357422 0.003906 0.357422 0.000000
0 0.080078 0.001953 0.101562 0.259766 0.119141 0.191406 0.207031 0.212891 0.248047 0.158203 0.298828 0.271484 0.339844 0.224609 0.583984 0.300781 0.642578 0.246094 0.625000 0.302734 0.650391 0.355469 0.750000 0.380859 0.697266 0.242188 0.644531 0.248047 0.652344 0.181641 0.583984 0.146484 0.632812 0.111328 0.701172 0.123047 0.726562 0.066406 0.773438 0.066406 0.726562 0.121094 0.734375 0.167969 0.779297 0.156250 0.833984 0.005859 0.755859 0.050781 0.732422 0.003906 0.519531 0.001953 0.496094 0.058594 0.457031 0.052734 0.484375 0.095703 0.447266 0.089844 0.453125 0.123047 0.511719 0.142578 0.501953 0.068359 0.537109 0.066406 0.527344 0.167969 0.578125 0.222656 0.535156 0.236328 0.533203 0.212891 0.480469 0.257812 0.472656 0.195312 0.412109 0.146484 0.392578 0.167969 0.359375 0.085938 0.304688 0.126953 0.279297 0.072266 0.216797 0.060547 0.199219 0.000000
0 0.000000 0.000000 0.001953 0.191406 0.058594 0.281250 0.070312 0.335938 0.089844 0.326172 0.093750 0.312500 0.052734 0.000000
1 0.162109 0.541016 0.238281 0.621094 0.787109 0.998047 0.998047 0.998047 0.998047 0.828125 0.818359 0.740234 0.820312 0.693359 0.259766 0.453125
1 0.000000 0.199219 0.000000 0.281250 0.009766 0.255859 0.029297 0.296875 0.009766 0.328125 0.050781 0.347656 0.066406 0.335938 0.056641 0.287109 0.025391 0.230469
1 0.246094 0.164062 0.242188 0.167969 0.234375 0.169922 0.228516 0.173828 0.228516 0.177734 0.224609 0.185547 0.224609 0.191406 0.222656 0.193359 0.222656 0.201172 0.218750 0.208984 0.218750 0.214844 0.214844 0.218750 0.205078 0.216797 0.203125 0.214844 0.189453 0.214844 0.187500 0.212891 0.183594 0.212891 0.201172 0.234375 0.208984 0.230469 0.212891 0.230469 0.216797 0.226562 0.220703 0.226562 0.224609 0.222656 0.228516 0.222656 0.234375 0.216797 0.238281 0.216797 0.242188 0.212891 0.246094 0.212891 0.248047 0.210938
1 0.281250 0.000000 0.205078 0.001953 0.205078 0.003906 0.207031 0.003906 0.220703 0.017578 0.234375 0.058594 0.240234 0.068359 0.246094 0.068359 0.251953 0.060547 0.273438 0.015625 0.281250 0.003906
2 0.121094 0.193359 0.103516 0.261719 0.117188 0.367188 0.998047 0.732422 0.996094 0.542969 0.923828 0.531250 0.884766 0.476562 0.755859 0.386719 0.652344 0.361328 0.621094 0.312500 0.587891 0.324219 0.576172 0.298828 0.335938 0.232422 0.300781 0.279297 0.289062 0.238281 0.257812 0.214844 0.201172 0.240234
