0 0.861328 0.664062 0.859375 0.664062 0.857422 0.666016 0.855469 0.666016 0.853516 0.667969 0.843750 0.671875 0.839844 0.675781 0.839844 0.722656 0.841797 0.720703 0.847656 0.720703 0.853516 0.716797 0.859375 0.716797 0.865234 0.712891 0.865234 0.699219 0.863281 0.697266 0.863281 0.679688 0.861328 0.677734
0 0.958984 0.625000 0.957031 0.626953 0.955078 0.626953 0.949219 0.632812 0.949219 0.673828 0.960938 0.673828 0.962891 0.671875 0.964844 0.671875 0.964844 0.667969 0.962891 0.666016 0.962891 0.648438 0.960938 0.646484 0.960938 0.628906 0.958984 0.626953
0 0.644531 0.619141 0.644531 0.628906 0.640625 0.640625 0.673828 0.646484 0.677734 0.650391 0.677734 0.662109 0.679688 0.664062 0.679688 0.675781 0.677734 0.677734 0.646484 0.675781 0.650391 0.687500 0.658203 0.693359 0.664062 0.693359 0.667969 0.697266 0.673828 0.697266 0.683594 0.703125 0.687500 0.703125 0.697266 0.675781 0.689453 0.652344 0.679688 0.642578 0.660156 0.634766 0.654297 0.628906 0.652344 0.621094
0 0.417969 0.601562 0.417969 0.607422 0.416016 0.609375 0.416016 0.617188 0.414062 0.619141 0.414062 0.626953 0.412109 0.628906 0.412109 0.636719 0.410156 0.638672 0.410156 0.640625 0.414062 0.640625 0.417969 0.644531 0.419922 0.644531 0.425781 0.640625 0.431641 0.640625 0.433594 0.638672 0.433594 0.617188
0 0.962891 0.542969 0.962891 0.550781 0.960938 0.552734 0.960938 0.564453 0.958984 0.566406 0.958984 0.576172 0.957031 0.578125 0.957031 0.587891 0.955078 0.589844 0.955078 0.595703 0.953125 0.597656 0.953125 0.607422 0.957031 0.611328 0.960938 0.621094 0.968750 0.613281 0.970703 0.613281 0.976562 0.607422 0.978516 0.607422 0.978516 0.605469 0.982422 0.601562 0.984375 0.601562 0.984375 0.591797 0.982422 0.589844 0.982422 0.560547
0 0.171875 0.529297 0.201172 0.529297 0.203125 0.527344 0.205078 0.527344 0.207031 0.525391 0.208984 0.525391 0.210938 0.523438 0.212891 0.523438 0.214844 0.521484 0.216797 0.521484 0.214844 0.519531 0.214844 0.517578 0.212891 0.515625 0.212891 0.513672 0.187500 0.513672 0.185547 0.515625 0.177734 0.515625 0.177734 0.519531 0.175781 0.521484 0.175781 0.525391
0 0.222656 0.548828 0.222656 0.625000 0.246094 0.589844 0.300781 0.607422 0.306641 0.648438 0.279297 0.683594 0.328125 0.712891 0.314453 0.771484 0.212891 0.814453 0.187500 0.845703 0.324219 0.822266 0.332031 0.705078 0.789062 0.884766 0.796875 0.857422 0.833984 0.857422 0.828125 0.794922 0.812500 0.814453 0.355469 0.646484 0.359375 0.593750 0.388672 0.564453 0.417969 0.580078 0.388672 0.542969 0.359375 0.556641 0.335938 0.507812 0.304688 0.523438 0.300781 0.568359 0.271484 0.564453 0.253906 0.511719
0 0.289062 0.455078 0.265625 0.455078 0.263672 0.457031 0.250000 0.457031 0.248047 0.458984 0.234375 0.458984 0.232422 0.460938 0.210938 0.460938 0.191406 0.474609 0.187500 0.474609 0.181641 0.478516 0.177734 0.498047 0.199219 0.498047 0.201172 0.496094 0.269531 0.496094 0.291016 0.472656
0 0.632812 0.435547 0.613281 0.451172 0.607422 0.476562 0.611328 0.476562 0.625000 0.490234 0.619141 0.511719 0.621094 0.560547 0.634766 0.566406 0.644531 0.585938 0.691406 0.525391 0.669922 0.474609 0.664062 0.470703 0.646484 0.470703 0.630859 0.464844
0 0.236328 0.339844 0.234375 0.339844 0.234375 0.343750 0.232422 0.345703 0.232422 0.349609 0.230469 0.351562 0.230469 0.355469 0.228516 0.357422 0.228516 0.361328 0.226562 0.363281 0.226562 0.367188 0.222656 0.375000 0.222656 0.386719 0.224609 0.388672 0.224609 0.398438 0.226562 0.400391 0.226562 0.410156 0.228516 0.412109 0.228516 0.419922 0.238281 0.419922 0.240234 0.417969 0.248047 0.416016 0.248047 0.408203 0.246094 0.406250 0.246094 0.396484 0.244141 0.394531 0.244141 0.384766 0.242188 0.382812 0.242188 0.373047 0.240234 0.371094 0.240234 0.361328 0.238281 0.359375 0.238281 0.349609 0.236328 0.347656
0 0.796875 0.269531 0.777344 0.318359 0.783203 0.441406 0.820312 0.445312 0.826172 0.402344 0.830078 0.396484 0.828125 0.287109
0 0.857422 0.208984 0.837891 0.232422 0.839844 0.529297 0.855469 0.566406 0.867188 0.539062 0.863281 0.222656
1 0.841797 0.722656 0.837891 0.857422 0.798828 0.861328 0.802734 0.888672 0.998047 0.970703 0.998047 0.750000 0.982422 0.712891 0.953125 0.705078 0.925781 0.726562 0.916016 0.718750 0.898438 0.808594 0.880859 0.822266 0.867188 0.718750
1 0.326172 0.705078 0.304688 0.695312 0.265625 0.699219 0.267578 0.738281 0.103516 0.759766 0.089844 0.796875 0.144531 0.792969 0.181641 0.851562 0.212891 0.810547 0.316406 0.761719
1 0.388672 0.568359 0.363281 0.593750 0.355469 0.642578 0.402344 0.664062 0.404297 0.652344 0.437500 0.666016 0.435547 0.642578 0.417969 0.646484 0.408203 0.640625 0.417969 0.599609 0.398438 0.576172
1 0.814453 0.527344 0.767578 0.515625 0.751953 0.488281 0.720703 0.527344 0.703125 0.527344 0.691406 0.597656 0.679688 0.599609 0.669922 0.560547 0.644531 0.589844 0.630859 0.566406 0.601562 0.554688 0.599609 0.531250 0.589844 0.542969 0.580078 0.537109 0.587891 0.521484 0.580078 0.490234 0.570312 0.505859 0.562500 0.498047 0.548828 0.550781 0.507812 0.560547 0.507812 0.587891 0.498047 0.587891 0.494141 0.562500 0.462891 0.587891 0.453125 0.617188 0.439453 0.617188 0.441406 0.679688 0.472656 0.671875 0.619141 0.712891 0.650391 0.695312 0.699219 0.736328 0.830078 0.763672 0.830078 0.593750
