0 0.681641 0.781250 0.822266 0.759766 0.998047 0.921875 0.998047 0.908203 0.830078 0.742188 0.808594 0.738281 0.800781 0.718750 0.783203 0.718750 0.773438 0.748047 0.746094 0.755859 0.736328 0.771484 0.716797 0.753906 0.707031 0.771484
0 0.853516 0.693359 0.896484 0.767578 0.939453 0.802734 0.998047 0.869141 0.998047 0.843750
0 0.798828 0.500000 0.796875 0.498047 0.792969 0.498047 0.789062 0.494141 0.787109 0.494141 0.785156 0.496094 0.779297 0.496094 0.777344 0.498047 0.769531 0.498047 0.767578 0.500000 0.761719 0.500000 0.757812 0.503906 0.755859 0.503906 0.738281 0.521484 0.738281 0.533203 0.742188 0.529297 0.744141 0.529297 0.744141 0.527344 0.746094 0.525391 0.751953 0.523438 0.759766 0.515625 0.789062 0.515625 0.789062 0.513672 0.792969 0.509766 0.794922 0.503906 0.796875 0.501953 0.798828 0.501953
0 0.962891 0.640625 0.800781 0.609375 0.804688 0.570312 0.767578 0.583984 0.759766 0.550781 0.722656 0.609375 0.697266 0.582031 0.699219 0.498047 0.664062 0.560547 0.591797 0.566406 0.617188 0.488281 0.587891 0.470703 0.578125 0.578125 0.535156 0.589844 0.521484 0.503906 0.490234 0.542969 0.492188 0.613281 0.617188 0.615234 0.628906 0.582031 0.750000 0.626953 0.343750 0.636719 0.320312 0.580078 0.251953 0.615234 0.197266 0.531250 0.140625 0.570312 0.064453 0.488281 0.000000 0.517578 0.000000 0.667969
0 0.201172 0.435547 0.201172 0.439453 0.199219 0.441406 0.199219 0.447266 0.197266 0.449219 0.197266 0.453125 0.195312 0.455078 0.195312 0.458984 0.193359 0.460938 0.193359 0.466797 0.191406 0.468750 0.191406 0.472656 0.193359 0.472656 0.197266 0.476562 0.201172 0.476562 0.203125 0.478516 0.205078 0.478516 0.207031 0.476562 0.212891 0.476562 0.218750 0.472656 0.224609 0.472656 0.224609 0.460938 0.222656 0.458984 0.222656 0.447266 0.220703 0.445312 0.216797 0.445312 0.212891 0.441406 0.208984 0.441406 0.205078 0.437500 0.203125 0.437500
0 0.130859 0.375000 0.132812 0.380859 0.140625 0.384766 0.169922 0.386719 0.181641 0.390625 0.201172 0.390625 0.224609 0.396484 0.242188 0.396484 0.287109 0.404297 0.298828 0.396484 0.292969 0.392578 0.271484 0.392578 0.212891 0.382812 0.193359 0.382812 0.179688 0.378906
0 0.000000 0.308594 0.007812 0.324219 0.263672 0.363281 0.294922 0.380859 0.330078 0.373047 0.779297 0.447266 0.767578 0.429688 0.658203 0.406250 0.644531 0.371094 0.634766 0.392578 0.599609 0.402344 0.593750 0.341797 0.583984 0.394531 0.535156 0.402344 0.533203 0.369141 0.496094 0.390625 0.476562 0.353516 0.462891 0.371094 0.419922 0.357422 0.375000 0.369141 0.302734 0.347656 0.224609 0.353516 0.210938 0.330078 0.103516 0.333984 0.035156 0.292969
1 0.724609 0.695312 0.708984 0.695312 0.687500 0.712891 0.683594 0.773438 0.691406 0.773438 0.697266 0.769531 0.703125 0.769531 0.718750 0.740234 0.722656 0.744141 0.732422 0.767578 0.744141 0.755859 0.738281 0.738281 0.736328 0.710938
1 0.388672 0.662109 0.000000 0.671875 0.000000 0.679688 0.033203 0.693359 0.042969 0.679688 0.128906 0.683594 0.177734 0.669922 0.181641 0.677734 0.214844 0.683594 0.230469 0.673828 0.330078 0.669922 0.320312 0.681641 0.345703 0.685547 0.363281 0.667969
1 0.607422 0.607422 0.609375 0.607422 0.617188 0.613281 0.623047 0.607422 0.623047 0.603516 0.626953 0.601562 0.628906 0.597656 0.632812 0.601562 0.636719 0.601562 0.650391 0.611328 0.667969 0.615234 0.669922 0.611328 0.669922 0.607422 0.675781 0.595703 0.673828 0.597656 0.669922 0.597656 0.667969 0.599609 0.662109 0.599609 0.660156 0.601562 0.658203 0.599609 0.652344 0.599609 0.644531 0.593750 0.638672 0.593750 0.634766 0.589844 0.630859 0.589844 0.628906 0.587891 0.625000 0.589844
1 0.462891 0.464844 0.457031 0.476562 0.453125 0.478516 0.451172 0.482422 0.451172 0.525391 0.457031 0.525391 0.462891 0.529297 0.470703 0.529297 0.480469 0.535156 0.486328 0.535156 0.503906 0.513672 0.507812 0.511719 0.511719 0.503906 0.517578 0.500000 0.519531 0.494141 0.500000 0.470703 0.486328 0.464844 0.484375 0.476562 0.482422 0.478516 0.470703 0.468750
1 0.525391 0.455078 0.525391 0.468750 0.527344 0.470703 0.527344 0.484375 0.529297 0.486328 0.533203 0.486328 0.537109 0.490234 0.537109 0.492188 0.539062 0.494141 0.539062 0.503906 0.541016 0.505859 0.544922 0.505859 0.552734 0.511719 0.556641 0.511719 0.558594 0.513672 0.560547 0.503906 0.564453 0.500000 0.564453 0.498047 0.562500 0.498047 0.560547 0.496094 0.560547 0.494141 0.558594 0.494141 0.556641 0.492188 0.556641 0.490234 0.548828 0.482422 0.548828 0.478516 0.544922 0.474609 0.544922 0.470703 0.542969 0.468750 0.542969 0.464844 0.539062 0.458984 0.539062 0.455078
1 0.001953 0.326172 0.000000 0.363281 0.511719 0.419922 0.554688 0.443359 0.595703 0.431641 0.697266 0.457031 0.951172 0.474609 0.322266 0.375000 0.292969 0.382812 0.259766 0.365234
2 0.708984 0.519531 0.701172 0.582031 0.724609 0.607422 0.746094 0.560547 0.759766 0.548828 0.767578 0.582031 0.792969 0.562500 0.824219 0.582031 0.804688 0.605469 0.832031 0.617188 0.837891 0.589844 0.857422 0.621094 0.871094 0.589844 0.880859 0.587891 0.888672 0.621094 0.947266 0.621094 0.927734 0.541016 0.914062 0.542969 0.906250 0.576172 0.896484 0.578125 0.884766 0.539062 0.865234 0.525391 0.861328 0.511719 0.847656 0.515625 0.832031 0.503906 0.806641 0.500000 0.789062 0.517578 0.761719 0.519531 0.736328 0.537109
2 0.000000 0.447266 0.000000 0.515625 0.042969 0.507812 0.064453 0.482422 0.089844 0.535156 0.142578 0.566406 0.185547 0.525391 0.218750 0.535156 0.238281 0.578125 0.269531 0.511719 0.291016 0.548828 0.320312 0.556641 0.343750 0.630859 0.365234 0.632812 0.371094 0.593750 0.396484 0.572266 0.392578 0.542969 0.427734 0.529297 0.425781 0.478516 0.414062 0.460938 0.396484 0.472656 0.380859 0.464844 0.378906 0.492188 0.357422 0.498047 0.351562 0.464844 0.339844 0.457031 0.318359 0.468750 0.300781 0.455078 0.261719 0.480469 0.226562 0.472656 0.203125 0.480469 0.173828 0.468750 0.167969 0.441406 0.085938 0.435547 0.072266 0.457031 0.050781 0.460938 0.035156 0.425781
