0 0.000000 0.826172 0.261719 0.835938 0.273438 0.798828 0.000000 0.787109
0 0.220703 0.673828 0.208984 0.673828 0.175781 0.683594 0.175781 0.701172 0.156250 0.703125 0.134766 0.724609 0.093750 0.724609 0.074219 0.746094 0.052734 0.746094 0.037109 0.763672 0.039062 0.771484 0.226562 0.705078 0.228516 0.699219
0 0.517578 0.601562 0.232422 0.710938 0.312500 0.701172 0.421875 0.664062 0.449219 0.681641 0.519531 0.658203
0 0.705078 0.535156 0.701172 0.535156 0.695312 0.539062 0.689453 0.539062 0.683594 0.542969 0.677734 0.542969 0.671875 0.546875 0.666016 0.546875 0.660156 0.550781 0.654297 0.550781 0.650391 0.554688 0.644531 0.554688 0.634766 0.560547 0.628906 0.560547 0.623047 0.564453 0.619141 0.564453 0.621094 0.593750 0.623047 0.595703 0.625000 0.615234 0.658203 0.595703 0.662109 0.595703 0.666016 0.591797 0.669922 0.591797 0.673828 0.587891 0.677734 0.587891 0.687500 0.582031 0.693359 0.574219 0.697266 0.554688
0 0.156250 0.378906 0.154297 0.378906 0.150391 0.375000 0.144531 0.375000 0.138672 0.367188 0.132812 0.367188 0.130859 0.365234 0.125000 0.363281 0.121094 0.367188 0.119141 0.367188 0.119141 0.369141 0.117188 0.371094 0.115234 0.371094 0.113281 0.373047 0.113281 0.406250 0.119141 0.406250 0.121094 0.404297 0.121094 0.400391 0.123047 0.398438 0.123047 0.392578 0.125000 0.390625 0.130859 0.390625 0.136719 0.394531 0.142578 0.394531 0.144531 0.396484 0.148438 0.396484 0.150391 0.398438 0.150391 0.396484 0.152344 0.394531 0.152344 0.390625 0.154297 0.388672 0.154297 0.384766 0.156250 0.382812
0 0.300781 0.306641 0.281250 0.328125 0.281250 0.369141 0.269531 0.404297 0.242188 0.421875 0.248047 0.349609 0.201172 0.408203 0.191406 0.458984 0.189453 0.572266 0.128906 0.646484 0.132812 0.652344 0.185547 0.595703 0.203125 0.544922 0.257812 0.482422 0.269531 0.437500 0.285156 0.435547
0 0.998047 0.152344 0.927734 0.214844 0.771484 0.291016 0.769531 0.343750 0.654297 0.416016 0.638672 0.457031 0.587891 0.490234 0.642578 0.503906 0.666016 0.482422 0.769531 0.494141 0.796875 0.474609 0.820312 0.492188 0.750000 0.517578 0.759766 0.583984 0.998047 0.548828 0.998047 0.431641 0.818359 0.490234 0.832031 0.457031 0.892578 0.451172 0.906250 0.419922 0.939453 0.417969 0.935547 0.390625 0.998047 0.382812
0 0.345703 0.117188 0.330078 0.109375 0.281250 0.199219 0.251953 0.148438 0.244141 0.148438 0.197266 0.265625 0.210938 0.271484 0.195312 0.277344 0.185547 0.302734 0.189453 0.310547 0.228516 0.333984
0 0.443359 0.025391 0.390625 0.093750 0.359375 0.185547 0.345703 0.359375 0.353516 0.410156 0.398438 0.332031 0.425781 0.328125 0.462891 0.300781 0.457031 0.050781
0 0.513672 0.208984 0.589844 0.181641 0.601562 0.197266 0.667969 0.150391 0.671875 0.132812 0.785156 0.037109 0.810547 0.000000 0.523438 0.000000 0.509766 0.025391 0.529297 0.072266 0.507812 0.126953
1 0.994141 0.384766 0.937500 0.392578 0.941406 0.412109 0.939453 0.419922 0.908203 0.425781 0.892578 0.453125 0.832031 0.458984 0.824219 0.486328 0.996094 0.429688 0.998047 0.412109
1 0.998047 0.000000 0.857422 0.031250 0.458984 0.416016 0.007812 0.753906 0.226562 0.667969 0.232422 0.703125 0.519531 0.599609 0.523438 0.660156 0.062500 0.785156 0.998047 0.775391 0.998047 0.550781 0.757812 0.587891 0.748047 0.517578 0.798828 0.480469 0.582031 0.492188 0.767578 0.339844 0.765625 0.289062 0.998047 0.146484
1 0.519531 0.000000 0.421875 0.000000 0.230469 0.333984 0.169922 0.302734 0.142578 0.369141 0.154297 0.396484 0.121094 0.412109 0.125000 0.490234 0.144531 0.488281 0.148438 0.437500 0.179688 0.433594 0.191406 0.394531 0.205078 0.400391 0.248047 0.343750 0.246094 0.419922 0.265625 0.402344 0.275391 0.328125 0.304688 0.302734 0.289062 0.433594 0.191406 0.591797 0.435547 0.408203 0.435547 0.384766 0.599609 0.226562 0.591797 0.183594 0.511719 0.208984
1 0.394531 0.000000 0.306641 0.001953 0.250000 0.105469 0.195312 0.236328 0.197266 0.259766 0.242188 0.148438 0.302734 0.117188 0.337891 0.091797 0.363281 0.066406
