0 0.000000 0.683594 0.056641 0.712891 0.367188 0.759766 0.445312 0.757812 0.748047 0.818359 0.998047 0.839844 0.998047 0.824219
0 0.000000 0.601562 0.000000 0.638672 0.072266 0.642578 0.080078 0.671875 0.156250 0.642578 0.185547 0.671875 0.255859 0.656250 0.242188 0.685547 0.277344 0.683594 0.341797 0.652344 0.371094 0.693359 0.542969 0.730469 0.576172 0.703125 0.623047 0.697266 0.650391 0.742188 0.679688 0.744141 0.738281 0.708984 0.998047 0.732422 0.990234 0.654297
0 0.998047 0.578125 0.998047 0.486328 0.822266 0.525391 0.585938 0.529297 0.529297 0.498047 0.525391 0.517578 0.402344 0.537109 0.244141 0.509766 0.218750 0.525391 0.005859 0.509766 0.185547 0.521484 0.197266 0.548828 0.232422 0.550781 0.234375 0.580078 0.177734 0.570312 0.222656 0.599609 0.275391 0.603516 0.304688 0.576172 0.476562 0.574219 0.681641 0.601562 0.732422 0.568359 0.794922 0.583984 0.839844 0.537109 0.892578 0.542969 0.892578 0.587891
0 0.099609 0.173828 0.103516 0.171875 0.115234 0.171875 0.123047 0.167969 0.134766 0.167969 0.150391 0.162109 0.162109 0.162109 0.169922 0.158203 0.181641 0.158203 0.191406 0.154297 0.169922 0.134766 0.166016 0.134766 0.162109 0.130859 0.158203 0.130859 0.154297 0.126953 0.150391 0.126953 0.126953 0.115234 0.138672 0.132812 0.132812 0.138672 0.128906 0.138672 0.121094 0.144531 0.117188 0.144531 0.107422 0.150391
0 0.197266 0.021484 0.193359 0.023438 0.183594 0.042969 0.171875 0.035156 0.160156 0.058594 0.160156 0.062500 0.164062 0.064453 0.160156 0.078125 0.162109 0.091797 0.171875 0.095703 0.179688 0.083984 0.195312 0.101562 0.226562 0.048828 0.218750 0.042969 0.216797 0.039062 0.205078 0.031250
0 0.998047 0.001953 0.908203 0.042969 0.898438 0.169922 0.857422 0.189453 0.847656 0.085938 0.884766 0.058594 0.816406 0.048828 0.835938 0.113281 0.785156 0.167969 0.775391 0.064453 0.705078 0.078125 0.734375 0.000000 0.554688 0.000000 0.560547 0.042969 0.652344 0.035156 0.656250 0.085938 0.394531 0.179688 0.382812 0.134766 0.361328 0.169922 0.345703 0.146484 0.291016 0.386719 0.216797 0.419922 0.277344 0.164062 0.328125 0.158203 0.316406 0.091797 0.205078 0.125000 0.195312 0.160156 0.265625 0.177734 0.199219 0.410156 0.000000 0.482422 0.472656 0.394531 0.589844 0.335938 0.623047 0.363281 0.808594 0.322266 0.894531 0.392578 0.998047 0.367188 0.964844 0.187500 0.925781 0.189453 0.919922 0.150391 0.958984 0.138672 0.939453 0.044922 0.998047 0.070312
1 0.001953 0.699219 0.009766 0.818359 0.691406 0.998047 0.998047 0.998047 0.998047 0.841797 0.564453 0.794922 0.445312 0.761719
1 0.001953 0.640625 0.005859 0.683594 0.998047 0.818359 0.992188 0.732422 0.736328 0.712891 0.671875 0.748047 0.648438 0.744141 0.621094 0.699219 0.542969 0.732422 0.371094 0.697266 0.343750 0.656250 0.314453 0.681641 0.242188 0.687500 0.255859 0.658203 0.183594 0.673828 0.156250 0.646484 0.080078 0.673828 0.072266 0.644531
1 0.998047 0.650391 0.998047 0.582031 0.892578 0.589844 0.890625 0.544922 0.835938 0.546875 0.794922 0.587891 0.734375 0.572266 0.683594 0.605469 0.591797 0.601562 0.509766 0.576172 0.302734 0.580078 0.285156 0.605469 0.224609 0.603516 0.175781 0.570312 0.000000 0.580078 0.001953 0.599609
1 0.998047 0.371094 0.937500 0.365234 0.894531 0.396484 0.871094 0.357422 0.818359 0.355469 0.810547 0.326172 0.693359 0.353516 0.697266 0.367188 0.619141 0.367188 0.591797 0.337891 0.500000 0.365234 0.470703 0.398438 0.386719 0.398438 0.205078 0.455078 0.191406 0.441406 0.115234 0.486328 0.000000 0.486328 0.000000 0.505859 0.222656 0.519531 0.242188 0.503906 0.406250 0.533203 0.519531 0.515625 0.529297 0.496094 0.587891 0.521484 0.822266 0.521484 0.998047 0.484375
1 0.984375 0.000000 0.740234 0.003906 0.714844 0.023438 0.708984 0.072266 0.746094 0.089844 0.777344 0.064453 0.787109 0.091797 0.769531 0.132812 0.787109 0.160156 0.830078 0.117188 0.808594 0.087891 0.812500 0.044922 0.837891 0.033203 0.849609 0.048828 0.882812 0.054688 0.851562 0.085938 0.859375 0.179688 0.892578 0.169922 0.914062 0.109375 0.902344 0.042969 0.982422 0.013672
1 0.650391 0.039062 0.558594 0.046875 0.542969 0.000000 0.320312 0.000000 0.222656 0.037109 0.232422 0.048828 0.195312 0.105469 0.181641 0.089844 0.156250 0.095703 0.156250 0.062500 0.113281 0.080078 0.113281 0.097656 0.101562 0.080078 0.068359 0.080078 0.039062 0.058594 0.035156 0.111328 0.013672 0.126953 0.021484 0.150391 0.000000 0.158203 0.000000 0.193359 0.095703 0.171875 0.107422 0.146484 0.136719 0.132812 0.126953 0.113281 0.195312 0.154297 0.203125 0.121094 0.316406 0.089844 0.330078 0.121094 0.345703 0.113281 0.384766 0.130859 0.382812 0.162109 0.396484 0.173828 0.453125 0.142578 0.505859 0.146484 0.537109 0.113281 0.574219 0.126953 0.605469 0.087891 0.652344 0.082031
