0 0.769531 0.578125 0.771484 0.578125 0.773438 0.580078 0.777344 0.580078 0.779297 0.582031 0.783203 0.582031 0.785156 0.583984 0.791016 0.583984 0.792969 0.585938 0.798828 0.585938 0.800781 0.583984 0.816406 0.583984 0.822266 0.578125 0.822266 0.576172 0.826172 0.572266 0.828125 0.566406 0.826172 0.566406 0.820312 0.562500 0.808594 0.562500 0.806641 0.560547 0.783203 0.560547 0.781250 0.562500 0.777344 0.562500 0.775391 0.564453 0.771484 0.564453 0.771484 0.566406 0.769531 0.568359
0 0.548828 0.531250 0.548828 0.548828 0.550781 0.550781 0.552734 0.550781 0.562500 0.560547 0.564453 0.560547 0.568359 0.564453 0.576172 0.568359 0.582031 0.574219 0.583984 0.574219 0.593750 0.582031 0.607422 0.587891 0.607422 0.572266 0.605469 0.568359 0.603516 0.568359 0.583984 0.548828 0.574219 0.544922 0.570312 0.541016 0.566406 0.541016 0.560547 0.535156 0.556641 0.535156 0.552734 0.531250
0 0.767578 0.515625 0.765625 0.517578 0.757812 0.517578 0.755859 0.519531 0.750000 0.519531 0.748047 0.521484 0.744141 0.521484 0.740234 0.525391 0.740234 0.527344 0.734375 0.533203 0.734375 0.535156 0.732422 0.537109 0.732422 0.550781 0.736328 0.550781 0.742188 0.554688 0.759766 0.554688 0.761719 0.552734 0.765625 0.552734 0.767578 0.550781 0.769531 0.550781 0.769531 0.535156 0.771484 0.533203 0.771484 0.527344 0.769531 0.525391 0.769531 0.519531 0.767578 0.517578
0 0.496094 0.484375 0.468750 0.488281 0.468750 0.511719 0.435547 0.546875 0.412109 0.550781 0.398438 0.507812 0.357422 0.486328 0.345703 0.539062 0.302734 0.576172 0.197266 0.564453 0.169922 0.599609 0.199219 0.796875 0.226562 0.765625 0.417969 0.765625 0.447266 0.728516 0.437500 0.718750 0.404297 0.734375 0.396484 0.722656 0.435547 0.685547 0.453125 0.683594 0.468750 0.708984 0.482422 0.708984 0.525391 0.677734 0.515625 0.652344 0.519531 0.537109 0.498047 0.515625
0 0.900391 0.619141 0.896484 0.585938 0.820312 0.619141 0.781250 0.605469 0.750000 0.613281 0.730469 0.658203 0.693359 0.623047 0.693359 0.480469 0.736328 0.476562 0.755859 0.496094 0.773438 0.490234 0.810547 0.507812 0.798828 0.443359 0.716797 0.455078 0.654297 0.507812 0.593750 0.486328 0.669922 0.525391 0.669922 0.554688 0.570312 0.505859 0.568359 0.521484 0.667969 0.591797 0.675781 0.609375 0.662109 0.628906 0.728516 0.673828
0 0.529297 0.439453 0.527344 0.447266 0.523438 0.453125 0.523438 0.458984 0.519531 0.464844 0.519531 0.468750 0.513672 0.478516 0.503906 0.478516 0.500000 0.480469 0.500000 0.482422 0.505859 0.488281 0.505859 0.509766 0.525391 0.527344 0.533203 0.529297 0.529297 0.519531 0.529297 0.500000 0.537109 0.488281 0.535156 0.484375 0.535156 0.478516 0.533203 0.476562 0.533203 0.468750 0.537109 0.458984 0.529297 0.445312
0 0.376953 0.441406 0.382812 0.443359 0.386719 0.447266 0.398438 0.453125 0.414062 0.455078 0.427734 0.447266 0.431641 0.447266 0.437500 0.441406 0.437500 0.439453 0.445312 0.431641 0.445312 0.419922 0.447266 0.417969 0.447266 0.414062 0.443359 0.414062 0.435547 0.410156 0.394531 0.410156 0.394531 0.412109 0.390625 0.416016 0.388672 0.423828 0.384766 0.427734
0 0.162109 0.521484 0.171875 0.507812 0.169922 0.455078 0.183594 0.445312 0.255859 0.451172 0.281250 0.449219 0.289062 0.445312 0.302734 0.417969 0.242188 0.410156 0.179688 0.408203 0.156250 0.427734 0.146484 0.443359 0.148438 0.472656
1 0.363281 0.767578 0.347656 0.761719 0.328125 0.761719 0.312500 0.767578 0.285156 0.767578 0.271484 0.771484 0.226562 0.767578 0.208984 0.789062 0.203125 0.806641 0.195312 0.816406 0.197266 0.845703 0.210938 0.851562 0.253906 0.845703 0.337891 0.816406 0.357422 0.806641 0.363281 0.792969
1 0.519531 0.683594 0.507812 0.687500 0.486328 0.708984 0.482422 0.710938 0.468750 0.710938 0.449219 0.724609 0.451172 0.726562 0.451172 0.738281 0.468750 0.738281 0.470703 0.740234 0.470703 0.753906 0.482422 0.761719 0.527344 0.748047 0.523438 0.722656 0.521484 0.720703
