0 0.695312 0.458984 0.687500 0.458984 0.685547 0.460938 0.681641 0.460938 0.679688 0.462891 0.677734 0.462891 0.677734 0.466797 0.675781 0.468750 0.675781 0.474609 0.673828 0.476562 0.673828 0.482422 0.671875 0.484375 0.671875 0.490234 0.669922 0.492188 0.669922 0.494141 0.673828 0.494141 0.675781 0.492188 0.681641 0.492188 0.683594 0.490234 0.693359 0.490234 0.693359 0.466797 0.695312 0.464844
0 0.710938 0.386719 0.710938 0.435547 0.726562 0.435547 0.728516 0.437500 0.732422 0.437500 0.732422 0.416016 0.734375 0.414062 0.734375 0.392578 0.728516 0.392578 0.722656 0.388672 0.718750 0.388672 0.716797 0.386719
0 0.884766 0.003906 0.845703 0.005859 0.845703 0.123047 0.865234 0.132812 0.855469 0.187500 0.818359 0.146484 0.806641 0.335938 0.830078 0.347656 0.796875 0.416016 0.847656 0.431641 0.855469 0.423828
0 0.580078 0.001953 0.265625 0.001953 0.337891 0.068359 0.373047 0.173828 0.347656 0.218750 0.267578 0.156250 0.267578 0.041016 0.236328 0.095703 0.224609 0.187500 0.177734 0.207031 0.152344 0.285156 0.091797 0.332031 0.052734 0.310547 0.000000 0.328125 0.000000 0.371094 0.025391 0.357422 0.044922 0.376953 0.074219 0.359375 0.107422 0.378906 0.271484 0.376953 0.376953 0.326172 0.367188 0.257812 0.410156 0.269531 0.406250 0.322266 0.507812 0.296875 0.505859 0.265625 0.482422 0.271484 0.492188 0.230469 0.462891 0.130859 0.474609 0.013672 0.525391 0.013672 0.552734 0.093750
0 0.615234 0.000000 0.613281 0.251953 0.666016 0.255859 0.677734 0.138672 0.675781 0.000000
1 0.289062 0.021484 0.271484 0.037109 0.271484 0.154297 0.345703 0.212891 0.369141 0.173828 0.326172 0.048828
1 0.478516 0.009766 0.464844 0.126953 0.494141 0.230469 0.484375 0.236328 0.486328 0.269531 0.505859 0.263672 0.513672 0.296875 0.609375 0.341797 0.613281 0.001953 0.582031 0.001953 0.552734 0.097656 0.548828 0.064453 0.523438 0.013672
1 0.998047 0.000000 0.957031 0.097656 0.962891 0.000000 0.888672 0.001953 0.857422 0.427734 0.736328 0.392578 0.742188 0.503906 0.667969 0.494141 0.656250 0.257812 0.615234 0.253906 0.611328 0.349609 0.511719 0.300781 0.396484 0.328125 0.380859 0.259766 0.392578 0.328125 0.271484 0.378906 0.003906 0.371094 0.000000 0.767578 0.644531 0.691406 0.808594 0.880859 0.939453 0.882812 0.833984 0.910156 0.916016 0.998047 0.996094 0.970703 0.998047 0.488281 0.992188 0.531250 0.929688 0.503906 0.992188 0.582031 0.919922 0.511719 0.929688 0.474609 0.998047 0.482422
2 0.929688 0.476562 0.921875 0.511719 0.927734 0.541016 0.957031 0.566406 0.992188 0.580078 0.988281 0.568359 0.953125 0.550781 0.931641 0.531250 0.927734 0.503906 0.935547 0.490234 0.957031 0.503906 0.980469 0.503906 0.992188 0.529297 0.996094 0.480469 0.986328 0.480469 0.957031 0.492188 0.943359 0.480469
2 0.599609 0.376953 0.541016 0.359375 0.501953 0.412109 0.457031 0.386719 0.427734 0.458984 0.394531 0.433594 0.355469 0.431641 0.326172 0.476562 0.240234 0.476562 0.201172 0.492188 0.197266 0.513672 0.218750 0.537109 0.238281 0.542969 0.376953 0.533203 0.433594 0.511719 0.585938 0.515625 0.597656 0.507812
