0 0.044922 0.505859 0.039062 0.505859 0.033203 0.509766 0.027344 0.509766 0.023438 0.513672 0.017578 0.513672 0.011719 0.517578 0.007812 0.517578 0.007812 0.521484 0.009766 0.523438 0.009766 0.529297 0.011719 0.531250 0.011719 0.537109 0.013672 0.539062 0.013672 0.542969 0.015625 0.544922 0.015625 0.548828 0.017578 0.550781 0.017578 0.552734 0.021484 0.548828 0.023438 0.548828 0.027344 0.544922 0.029297 0.544922 0.039062 0.537109 0.042969 0.537109 0.046875 0.533203 0.048828 0.533203 0.052734 0.529297 0.054688 0.529297 0.054688 0.525391 0.052734 0.523438 0.052734 0.521484 0.050781 0.519531
0 0.187500 0.429688 0.160156 0.410156 0.156250 0.412109 0.148438 0.423828 0.144531 0.425781 0.130859 0.443359 0.121094 0.451172 0.113281 0.468750 0.121094 0.484375 0.121094 0.488281 0.123047 0.490234 0.128906 0.486328 0.134766 0.486328 0.140625 0.482422 0.146484 0.482422 0.152344 0.478516 0.158203 0.478516 0.191406 0.455078 0.191406 0.445312 0.189453 0.443359 0.189453 0.433594
0 0.957031 0.175781 0.935547 0.310547 0.960938 0.296875 0.960938 0.324219 0.980469 0.314453 0.998047 0.326172 0.998047 0.197266 0.988281 0.203125 0.974609 0.199219 0.968750 0.193359 0.972656 0.171875
0 0.785156 0.000000 0.667969 0.000000 0.626953 0.304688 0.599609 0.189453 0.595703 0.287109 0.544922 0.283203 0.525391 0.357422 0.445312 0.341797 0.308594 0.398438 0.232422 0.394531 0.207031 0.451172 0.214844 0.507812 0.320312 0.482422 0.417969 0.406250 0.433594 0.414062 0.423828 0.470703 0.441406 0.474609 0.457031 0.412109 0.482422 0.394531 0.519531 0.455078 0.531250 0.412109 0.587891 0.373047 0.591797 0.511719 0.648438 0.490234 0.654297 0.435547 0.708984 0.523438 0.748047 0.064453
0 0.406250 0.007812 0.437500 0.035156 0.443359 0.085938 0.470703 0.095703 0.503906 0.074219 0.533203 0.074219 0.535156 0.031250 0.494141 0.000000
1 0.626953 0.587891 0.000000 0.769531 0.000000 0.884766 0.527344 0.650391 0.544922 0.675781 0.589844 0.662109
1 0.722656 0.533203 0.652344 0.494141 0.587891 0.511719 0.585938 0.375000 0.529297 0.421875 0.521484 0.458984 0.482422 0.396484 0.460938 0.410156 0.464844 0.457031 0.441406 0.478516 0.414062 0.472656 0.429688 0.445312 0.417969 0.412109 0.404297 0.433594 0.330078 0.462891 0.318359 0.488281 0.214844 0.513672 0.212891 0.498047 0.148438 0.515625 0.140625 0.537109 0.064453 0.521484 0.000000 0.570312 0.001953 0.695312 0.068359 0.683594 0.076172 0.712891
1 0.957031 0.302734 0.933594 0.312500 0.921875 0.396484 0.949219 0.384766 0.955078 0.384766 0.960938 0.380859 0.966797 0.380859 0.972656 0.376953 0.978516 0.376953 0.998047 0.369141 0.998047 0.332031 0.982422 0.318359 0.958984 0.330078 0.957031 0.328125
1 0.361328 0.250000 0.359375 0.251953 0.353516 0.251953 0.353516 0.269531 0.351562 0.271484 0.351562 0.296875 0.349609 0.298828 0.349609 0.306641 0.353516 0.312500 0.353516 0.316406 0.357422 0.320312 0.361328 0.320312 0.363281 0.322266 0.371094 0.322266 0.382812 0.310547 0.382812 0.308594 0.386719 0.304688 0.386719 0.275391 0.382812 0.271484 0.382812 0.269531 0.380859 0.269531 0.378906 0.265625 0.365234 0.251953 0.365234 0.250000
1 0.251953 0.214844 0.250000 0.214844 0.234375 0.230469 0.234375 0.236328 0.236328 0.238281 0.236328 0.242188 0.238281 0.244141 0.238281 0.250000 0.240234 0.251953 0.240234 0.257812 0.242188 0.259766 0.242188 0.263672 0.244141 0.265625 0.244141 0.267578 0.253906 0.267578 0.255859 0.265625 0.255859 0.257812 0.257812 0.255859 0.257812 0.248047 0.259766 0.246094 0.259766 0.240234 0.261719 0.238281 0.261719 0.232422 0.259766 0.230469 0.257812 0.224609 0.253906 0.220703
1 0.363281 0.203125 0.363281 0.205078 0.361328 0.207031 0.361328 0.210938 0.359375 0.212891 0.359375 0.220703 0.373047 0.234375 0.373047 0.232422 0.375000 0.230469 0.376953 0.230469 0.376953 0.228516 0.378906 0.226562 0.378906 0.224609 0.380859 0.222656 0.380859 0.220703 0.382812 0.218750 0.382812 0.216797 0.380859 0.214844 0.378906 0.214844 0.376953 0.212891 0.376953 0.210938 0.375000 0.210938 0.367188 0.203125
1 0.525391 0.185547 0.515625 0.201172 0.482422 0.201172 0.480469 0.224609 0.476562 0.228516 0.455078 0.207031 0.429688 0.228516 0.421875 0.250000 0.427734 0.302734 0.443359 0.314453 0.453125 0.339844 0.488281 0.339844 0.527344 0.285156 0.533203 0.248047 0.533203 0.210938
1 0.998047 0.167969 0.994141 0.167969 0.992188 0.169922 0.974609 0.169922 0.974609 0.179688 0.972656 0.181641 0.972656 0.191406 0.974609 0.191406 0.978516 0.195312 0.978516 0.197266 0.980469 0.197266 0.984375 0.201172 0.988281 0.201172 0.992188 0.197266 0.996094 0.197266 0.998047 0.195312
2 0.531250 0.476562 0.472656 0.476562 0.443359 0.488281 0.417969 0.513672 0.355469 0.515625 0.339844 0.537109 0.328125 0.542969 0.304688 0.535156 0.238281 0.580078 0.236328 0.599609 0.265625 0.599609 0.486328 0.537109 0.519531 0.515625 0.533203 0.494141
2 0.998047 0.000000 0.787109 0.005859 0.755859 0.048828 0.712891 0.505859 0.730469 0.546875 0.640625 0.585938 0.630859 0.662109 0.693359 0.671875 0.804688 0.746094 0.906250 0.660156 0.921875 0.597656 0.998047 0.619141 0.998047 0.476562 0.974609 0.468750 0.966797 0.439453 0.929688 0.458984 0.908203 0.445312 0.955078 0.173828 0.998047 0.166016
