0 0.152344 0.968750 0.154297 0.998047 0.283203 0.998047 0.304688 0.980469 0.302734 0.943359 0.197266 0.875000
0 0.373047 0.824219 0.369141 0.837891 0.382812 0.855469 0.388672 0.880859 0.408203 0.865234 0.443359 0.890625 0.472656 0.890625 0.531250 0.919922 0.541016 0.894531 0.564453 0.873047 0.539062 0.882812 0.441406 0.839844 0.441406 0.833984 0.480469 0.791016 0.449219 0.792969 0.425781 0.804688 0.396484 0.802734
0 0.271484 0.716797 0.261719 0.726562 0.240234 0.777344 0.238281 0.810547 0.228516 0.810547 0.218750 0.830078 0.347656 0.906250 0.357422 0.902344 0.355469 0.875000 0.369141 0.865234 0.347656 0.843750 0.363281 0.814453 0.341797 0.802734 0.308594 0.822266 0.279297 0.806641 0.294922 0.785156 0.294922 0.734375 0.279297 0.716797
0 0.392578 0.480469 0.384766 0.507812 0.398438 0.529297 0.390625 0.578125 0.402344 0.607422 0.378906 0.650391 0.351562 0.654297 0.320312 0.716797 0.330078 0.753906 0.367188 0.693359 0.376953 0.710938 0.400391 0.699219 0.429688 0.722656 0.423828 0.742188 0.458984 0.748047 0.494141 0.771484 0.515625 0.738281 0.500000 0.494141
0 0.107422 0.281250 0.000000 0.375000 0.000000 0.664062 0.031250 0.683594 0.027344 0.605469 0.093750 0.595703 0.107422 0.712891 0.078125 0.796875 0.000000 0.839844 0.003906 0.998047 0.068359 0.998047 0.144531 0.880859 0.140625 0.806641 0.167969 0.761719 0.148438 0.394531 0.123047 0.537109 0.103516 0.541016
0 0.222656 0.013672 0.205078 0.054688 0.228516 0.662109 0.287109 0.556641 0.236328 0.279297
0 0.820312 0.000000 0.638672 0.222656 0.523438 0.259766 0.601562 0.558594 0.576172 0.671875 0.601562 0.705078 0.591797 0.746094 0.521484 0.736328 0.998047 0.843750 0.998047 0.654297 0.683594 0.601562 0.677734 0.515625 0.642578 0.617188 0.654297 0.738281 0.617188 0.728516 0.611328 0.447266 0.556641 0.250000 0.585938 0.302734 0.621094 0.251953 0.632812 0.394531 0.677734 0.423828 0.679688 0.382812 0.998047 0.042969 0.998047 0.000000
0 0.308594 0.001953 0.302734 0.041016 0.328125 0.189453 0.371094 0.226562 0.382812 0.464844 0.423828 0.466797 0.416016 0.437500 0.435547 0.398438 0.484375 0.398438 0.498047 0.427734 0.501953 0.000000
1 0.519531 0.738281 0.501953 0.769531 0.443359 0.835938 0.535156 0.878906 0.568359 0.869141 0.533203 0.919922 0.468750 0.892578 0.443359 0.896484 0.406250 0.869141 0.400391 0.882812 0.548828 0.962891 0.636719 0.863281 0.630859 0.804688 0.542969 0.767578 0.552734 0.748047
1 0.335938 0.753906 0.367188 0.740234 0.373047 0.740234 0.378906 0.736328 0.392578 0.738281 0.394531 0.740234 0.412109 0.740234 0.417969 0.742188 0.419922 0.734375 0.425781 0.724609 0.398438 0.701172 0.392578 0.701172 0.392578 0.703125 0.378906 0.714844 0.367188 0.697266 0.345703 0.736328 0.335938 0.750000
1 0.455078 0.609375 0.445312 0.628906 0.443359 0.625000 0.441406 0.625000 0.439453 0.621094 0.429688 0.611328 0.429688 0.621094 0.431641 0.623047 0.431641 0.636719 0.433594 0.638672 0.435547 0.652344 0.439453 0.660156 0.439453 0.656250 0.443359 0.648438 0.447266 0.654297 0.449219 0.662109 0.451172 0.662109 0.464844 0.646484 0.464844 0.625000 0.455078 0.611328
1 0.484375 0.400391 0.478516 0.400391 0.472656 0.404297 0.445312 0.404297 0.443359 0.402344 0.437500 0.402344 0.419922 0.437500 0.431641 0.468750 0.445312 0.470703 0.462891 0.453125 0.482422 0.470703 0.492188 0.464844 0.492188 0.457031 0.494141 0.455078 0.494141 0.423828
1 0.519531 0.263672 0.507812 0.275391 0.501953 0.476562 0.513672 0.476562 0.521484 0.488281 0.505859 0.492188 0.519531 0.722656 0.529297 0.732422 0.589844 0.744141 0.597656 0.701172 0.574219 0.669922 0.599609 0.562500 0.580078 0.470703 0.564453 0.443359 0.564453 0.394531 0.550781 0.365234 0.552734 0.298828 0.539062 0.267578
