0 0.755859 0.830078 0.998047 0.902344 0.998047 0.798828 0.855469 0.785156 0.806641 0.769531
0 0.320312 0.660156 0.320312 0.681641 0.361328 0.671875 0.376953 0.705078 0.339844 0.710938 0.339844 0.740234 0.419922 0.724609 0.500000 0.748047 0.478516 0.697266
0 0.998047 0.425781 0.851562 0.458984 0.824219 0.484375 0.810547 0.550781 0.724609 0.546875 0.703125 0.523438 0.673828 0.525391 0.679688 0.507812 0.607422 0.507812 0.607422 0.484375 0.554688 0.488281 0.552734 0.462891 0.531250 0.480469 0.533203 0.546875 0.517578 0.603516 0.541016 0.603516 0.583984 0.578125 0.673828 0.583984 0.687500 0.619141 0.703125 0.580078 0.789062 0.578125 0.781250 0.644531 0.998047 0.667969
0 0.718750 0.464844 0.724609 0.464844 0.732422 0.460938 0.740234 0.460938 0.742188 0.458984 0.750000 0.457031 0.755859 0.460938 0.759766 0.460938 0.765625 0.464844 0.771484 0.464844 0.773438 0.466797 0.800781 0.447266 0.796875 0.443359 0.791016 0.443359 0.783203 0.437500 0.779297 0.437500 0.773438 0.433594 0.767578 0.433594 0.763672 0.429688 0.750000 0.425781 0.746094 0.429688 0.744141 0.435547 0.736328 0.447266 0.730469 0.453125 0.720703 0.451172 0.718750 0.455078
0 0.703125 0.423828 0.701172 0.425781 0.695312 0.425781 0.693359 0.427734 0.691406 0.427734 0.689453 0.429688 0.689453 0.431641 0.687500 0.433594 0.685547 0.439453 0.681641 0.443359 0.681641 0.445312 0.679688 0.447266 0.679688 0.453125 0.681641 0.455078 0.681641 0.457031 0.683594 0.458984 0.683594 0.460938 0.687500 0.466797 0.689453 0.464844 0.695312 0.464844 0.697266 0.462891 0.699219 0.462891 0.701172 0.460938 0.701172 0.458984 0.703125 0.457031 0.703125 0.455078 0.705078 0.453125 0.707031 0.447266 0.708984 0.445312 0.710938 0.445312 0.710938 0.443359 0.716797 0.439453 0.716797 0.437500
0 0.582031 0.359375 0.578125 0.359375 0.574219 0.363281 0.574219 0.365234 0.572266 0.367188 0.572266 0.369141 0.568359 0.373047 0.568359 0.375000 0.566406 0.376953 0.566406 0.378906 0.564453 0.380859 0.564453 0.386719 0.566406 0.388672 0.566406 0.392578 0.568359 0.394531 0.574219 0.394531 0.576172 0.396484 0.578125 0.394531 0.580078 0.394531 0.580078 0.392578 0.582031 0.390625 0.583984 0.390625 0.585938 0.388672 0.585938 0.384766 0.587891 0.382812 0.587891 0.376953 0.589844 0.375000 0.589844 0.373047 0.591797 0.371094 0.585938 0.365234 0.585938 0.363281 0.583984 0.363281 0.582031 0.361328
0 0.597656 0.238281 0.580078 0.250000 0.568359 0.267578 0.562500 0.306641 0.568359 0.322266 0.578125 0.335938 0.593750 0.330078 0.601562 0.343750 0.617188 0.361328 0.628906 0.361328 0.642578 0.353516 0.644531 0.337891 0.630859 0.324219 0.619141 0.324219 0.611328 0.316406 0.619141 0.298828 0.621094 0.283203 0.605469 0.238281
0 0.136719 0.177734 0.126953 0.207031 0.123047 0.212891 0.121094 0.224609 0.115234 0.236328 0.115234 0.296875 0.140625 0.296875 0.140625 0.283203 0.138672 0.281250
0 0.191406 0.113281 0.191406 0.115234 0.187500 0.121094 0.187500 0.125000 0.181641 0.132812 0.181641 0.171875 0.183594 0.173828 0.183594 0.185547 0.191406 0.185547 0.193359 0.187500 0.195312 0.187500 0.195312 0.160156 0.193359 0.158203 0.193359 0.123047 0.191406 0.121094
0 0.646484 0.000000 0.521484 0.003906 0.521484 0.191406 0.554688 0.154297 0.570312 0.082031 0.566406 0.068359 0.582031 0.078125 0.597656 0.078125 0.615234 0.056641 0.625000 0.029297
0 0.451172 0.000000 0.355469 0.000000 0.326172 0.117188 0.267578 0.115234 0.255859 0.000000 0.253906 0.310547 0.185547 0.304688 0.246094 0.355469 0.226562 0.378906 0.287109 0.373047 0.328125 0.466797 0.000000 0.433594 0.000000 0.525391 0.111328 0.537109 0.126953 0.562500 0.111328 0.601562 0.042969 0.595703 0.171875 0.638672 0.134766 0.667969 0.148438 0.703125 0.000000 0.763672 0.000000 0.875000 0.216797 0.748047 0.265625 0.751953 0.244141 0.705078 0.273438 0.630859 0.384766 0.599609 0.390625 0.537109 0.498047 0.537109 0.509766 0.330078 0.529297 0.427734 0.554688 0.421875 0.556641 0.351562 0.447266 0.125000
1 0.308594 0.750000 0.283203 0.750000 0.281250 0.751953 0.275391 0.751953 0.273438 0.779297 0.271484 0.781250 0.271484 0.816406 0.269531 0.818359 0.269531 0.828125 0.277344 0.832031 0.289062 0.841797 0.300781 0.835938 0.310547 0.828125 0.314453 0.828125 0.318359 0.824219 0.308594 0.802734
1 0.191406 0.500000 0.191406 0.509766 0.193359 0.511719 0.193359 0.523438 0.195312 0.525391 0.195312 0.537109 0.197266 0.539062 0.197266 0.550781 0.199219 0.554688 0.265625 0.554688 0.267578 0.539062 0.253906 0.539062 0.251953 0.537109 0.251953 0.500000
1 0.820312 0.484375 0.804688 0.474609 0.796875 0.484375 0.693359 0.498047 0.687500 0.500000 0.687500 0.503906 0.673828 0.521484 0.703125 0.519531 0.726562 0.544922 0.810547 0.544922
1 0.003906 0.392578 0.000000 0.431641 0.125000 0.451172 0.146484 0.441406 0.166016 0.457031 0.328125 0.464844 0.285156 0.375000 0.261719 0.382812 0.238281 0.380859 0.240234 0.402344 0.222656 0.406250 0.185547 0.380859 0.162109 0.384766 0.068359 0.359375 0.015625 0.410156
1 0.322266 0.654297 0.486328 0.695312 0.505859 0.744141 0.751953 0.830078 0.802734 0.767578 0.714844 0.728516 0.847656 0.777344 0.998047 0.794922 0.994141 0.707031 0.742188 0.667969 0.775391 0.669922 0.789062 0.580078 0.703125 0.583984 0.687500 0.628906 0.671875 0.583984 0.583984 0.580078 0.519531 0.609375 0.529297 0.480469 0.552734 0.457031 0.554688 0.484375 0.603516 0.482422 0.605469 0.457031 0.527344 0.429688 0.513672 0.333984 0.503906 0.537109 0.390625 0.541016 0.384766 0.634766
