0 0.945312 0.289062 0.863281 0.333984 0.861328 0.339844 0.998047 0.498047 0.998047 0.335938
0 0.515625 0.109375 0.498047 0.146484 0.484375 0.121094 0.468750 0.160156 0.458984 0.171875 0.414062 0.193359 0.384766 0.187500 0.367188 0.207031 0.380859 0.236328 0.404297 0.253906 0.421875 0.257812 0.451172 0.232422 0.474609 0.220703 0.498047 0.232422 0.500000 0.259766 0.511719 0.164062 0.515625 0.154297 0.525391 0.150391 0.525391 0.121094
0 0.916016 0.000000 0.837891 0.005859 0.796875 0.166016 0.732422 0.179688 0.714844 0.216797 0.623047 0.242188 0.621094 0.177734 0.728516 0.000000 0.593750 0.029297 0.580078 0.097656 0.544922 0.126953 0.535156 0.185547 0.556641 0.246094 0.496094 0.271484 0.462891 0.347656 0.486328 0.355469 0.535156 0.320312 0.546875 0.355469 0.527344 0.386719 0.582031 0.363281 0.583984 0.298828 0.617188 0.345703 0.833984 0.261719 0.843750 0.212891 0.898438 0.185547 0.890625 0.248047 0.929688 0.273438 0.914062 0.224609 0.945312 0.056641 0.892578 0.107422
0 0.000000 0.000000 0.000000 0.136719 0.140625 0.257812 0.154297 0.367188 0.000000 0.427734 0.031250 0.478516 0.087891 0.470703 0.146484 0.490234 0.162109 0.451172 0.259766 0.431641 0.281250 0.398438 0.333984 0.392578 0.347656 0.414062 0.378906 0.382812 0.398438 0.388672 0.388672 0.423828 0.261719 0.462891 0.103516 0.548828 0.423828 0.425781 0.419922 0.378906 0.345703 0.345703 0.333984 0.246094 0.064453 0.000000
1 0.394531 0.394531 0.380859 0.386719 0.349609 0.417969 0.332031 0.394531 0.283203 0.400391 0.253906 0.437500 0.162109 0.453125 0.152344 0.490234 0.125000 0.496094 0.083984 0.472656 0.035156 0.486328 0.001953 0.447266 0.000000 0.722656 0.142578 0.660156 0.179688 0.525391 0.103516 0.550781 0.111328 0.527344 0.267578 0.457031 0.380859 0.423828
1 0.542969 0.330078 0.527344 0.318359 0.523438 0.318359 0.500000 0.337891 0.486328 0.359375 0.462891 0.351562 0.427734 0.375000 0.421875 0.380859 0.427734 0.423828 0.515625 0.390625 0.542969 0.357422
1 0.583984 0.300781 0.583984 0.361328 0.587891 0.361328 0.589844 0.359375 0.599609 0.357422 0.605469 0.353516 0.611328 0.353516 0.617188 0.349609 0.615234 0.347656 0.615234 0.343750 0.613281 0.341797 0.613281 0.337891 0.611328 0.335938 0.609375 0.326172 0.605469 0.320312 0.605469 0.314453 0.603516 0.312500 0.603516 0.308594 0.601562 0.306641 0.601562 0.304688 0.597656 0.304688 0.595703 0.302734 0.589844 0.302734 0.587891 0.300781
1 0.945312 0.287109 0.886719 0.248047 0.902344 0.187500 0.845703 0.216797 0.835938 0.263672 0.646484 0.337891 0.693359 0.335938 0.699219 0.322266 0.832031 0.320312 0.843750 0.341797
1 0.591797 0.029297 0.169922 0.082031 0.332031 0.240234 0.386719 0.183594 0.414062 0.191406 0.462891 0.166016 0.484375 0.119141 0.498047 0.142578 0.515625 0.107422 0.527344 0.121094 0.527344 0.150391 0.513672 0.164062 0.501953 0.267578 0.554688 0.246094 0.533203 0.185547 0.550781 0.142578 0.539062 0.130859 0.552734 0.113281 0.562500 0.123047 0.576172 0.099609
2 0.796875 0.357422 0.607422 0.355469 0.185547 0.521484 0.146484 0.654297 0.251953 0.617188 0.294922 0.570312 0.304688 0.533203 0.458984 0.449219 0.474609 0.474609 0.535156 0.419922 0.550781 0.431641 0.652344 0.384766 0.667969 0.435547
