0 0.507812 0.763672 0.486328 0.744141 0.458984 0.750000 0.455078 0.763672 0.431641 0.783203 0.410156 0.789062 0.388672 0.802734 0.320312 0.810547 0.304688 0.800781 0.287109 0.830078 0.271484 0.843750 0.273438 0.865234 0.376953 0.833984 0.509766 0.779297
0 0.527344 0.708984 0.519531 0.703125 0.423828 0.722656 0.365234 0.746094 0.289062 0.765625 0.269531 0.785156 0.281250 0.792969 0.320312 0.787109 0.408203 0.755859 0.500000 0.732422 0.525391 0.718750
0 0.580078 0.685547 0.568359 0.687500 0.556641 0.693359 0.552734 0.693359 0.531250 0.710938 0.533203 0.714844 0.537109 0.714844 0.544922 0.720703 0.550781 0.720703 0.562500 0.726562 0.568359 0.736328 0.562500 0.748047 0.583984 0.748047 0.585938 0.746094 0.587891 0.724609 0.585938 0.722656 0.583984 0.699219 0.582031 0.697266 0.582031 0.687500
0 0.468750 0.591797 0.447266 0.615234 0.406250 0.599609 0.402344 0.611328 0.361328 0.625000 0.322266 0.582031 0.265625 0.580078 0.201172 0.603516 0.128906 0.593750 0.125000 0.603516 0.208984 0.656250 0.128906 0.660156 0.134766 0.724609 0.210938 0.820312 0.242188 0.841797 0.232422 0.802734 0.242188 0.748047 0.226562 0.732422 0.244141 0.720703 0.341797 0.714844 0.369141 0.656250 0.398438 0.625000 0.427734 0.630859 0.443359 0.681641 0.496094 0.673828 0.500000 0.658203 0.451172 0.636719 0.468750 0.615234
0 0.451172 0.552734 0.451172 0.554688 0.453125 0.556641 0.453125 0.568359 0.455078 0.570312 0.455078 0.574219 0.457031 0.572266 0.466797 0.572266 0.468750 0.570312 0.472656 0.570312 0.474609 0.568359 0.500000 0.568359 0.500000 0.556641 0.498047 0.554688 0.498047 0.550781 0.492188 0.546875 0.460938 0.546875
0 0.474609 0.582031 0.480469 0.609375 0.730469 0.685547 0.794922 0.681641 0.859375 0.658203 0.851562 0.638672 0.810547 0.636719 0.769531 0.666016 0.757812 0.644531 0.691406 0.625000 0.679688 0.613281 0.707031 0.599609 0.712891 0.574219 0.767578 0.554688 0.763672 0.517578 0.673828 0.509766 0.658203 0.523438 0.662109 0.580078 0.642578 0.607422 0.613281 0.595703
0 0.285156 0.490234 0.279297 0.496094 0.279297 0.503906 0.281250 0.505859 0.281250 0.513672 0.289062 0.521484 0.291016 0.519531 0.294922 0.519531 0.296875 0.517578 0.298828 0.517578 0.298828 0.509766 0.296875 0.507812 0.296875 0.500000 0.294922 0.498047 0.294922 0.496094 0.289062 0.490234
0 0.482422 0.042969 0.474609 0.042969 0.472656 0.041016 0.460938 0.041016 0.458984 0.039062 0.449219 0.039062 0.447266 0.041016 0.431641 0.041016 0.429688 0.042969 0.423828 0.042969 0.423828 0.050781 0.425781 0.052734 0.425781 0.056641 0.429688 0.062500 0.429688 0.066406 0.431641 0.068359 0.431641 0.070312 0.433594 0.072266 0.443359 0.072266 0.443359 0.070312 0.447266 0.066406 0.449219 0.060547 0.453125 0.056641 0.455078 0.056641 0.460938 0.050781 0.462891 0.050781 0.472656 0.044922 0.478516 0.044922 0.480469 0.042969
0 0.296875 0.052734 0.298828 0.111328 0.306641 0.144531 0.320312 0.177734 0.333984 0.185547 0.361328 0.189453 0.380859 0.175781 0.408203 0.107422 0.425781 0.103516 0.451172 0.111328 0.457031 0.101562 0.441406 0.082031 0.402344 0.085938 0.390625 0.093750 0.384766 0.080078 0.320312 0.083984 0.316406 0.042969 0.310547 0.039062
0 0.625000 0.011719 0.623047 0.009766 0.617188 0.009766 0.607422 0.005859 0.599609 0.005859 0.597656 0.003906 0.591797 0.003906 0.582031 0.000000 0.578125 0.000000 0.576172 0.001953 0.562500 0.001953 0.560547 0.003906 0.544922 0.003906 0.542969 0.005859 0.517578 0.005859 0.517578 0.009766 0.523438 0.021484 0.539062 0.031250 0.556641 0.031250 0.576172 0.019531 0.595703 0.019531 0.597656 0.017578 0.615234 0.015625
