0 0.966797 0.224609 0.957031 0.228516 0.927734 0.232422 0.929688 0.259766 0.925781 0.279297 0.921875 0.283203 0.902344 0.291016 0.878906 0.292969 0.871094 0.302734 0.912109 0.298828 0.914062 0.296875 0.939453 0.296875 0.972656 0.279297 0.982422 0.257812 0.968750 0.242188
0 0.751953 0.230469 0.751953 0.240234 0.759766 0.238281 0.761719 0.236328 0.765625 0.236328 0.767578 0.234375 0.771484 0.234375 0.773438 0.232422 0.789062 0.232422 0.791016 0.234375 0.804688 0.234375 0.806641 0.236328 0.820312 0.236328 0.822266 0.238281 0.828125 0.238281 0.828125 0.218750 0.777344 0.218750 0.775391 0.220703 0.765625 0.220703
0 0.875000 0.208984 0.871094 0.222656 0.875000 0.222656 0.876953 0.224609 0.880859 0.224609 0.900391 0.232422 0.904297 0.230469 0.916016 0.230469 0.917969 0.232422 0.916016 0.234375 0.902344 0.238281 0.902344 0.242188 0.898438 0.250000 0.908203 0.253906 0.914062 0.253906 0.925781 0.248047 0.919922 0.238281 0.919922 0.234375 0.916016 0.230469 0.919922 0.228516 0.919922 0.208984 0.898438 0.208984 0.896484 0.207031 0.876953 0.207031
0 0.496094 0.228516 0.503906 0.248047 0.523438 0.230469 0.576172 0.216797 0.625000 0.222656 0.656250 0.216797 0.666016 0.232422 0.695312 0.234375 0.675781 0.224609 0.669922 0.205078 0.570312 0.199219 0.539062 0.203125 0.527344 0.214844 0.500000 0.216797
0 0.191406 0.220703 0.175781 0.203125 0.173828 0.179688 0.154297 0.171875 0.091797 0.177734 0.021484 0.175781 0.001953 0.181641 0.009766 0.191406 0.005859 0.216797 0.121094 0.214844 0.164062 0.205078 0.166016 0.207031 0.156250 0.216797 0.158203 0.218750
0 0.337891 0.162109 0.343750 0.173828 0.357422 0.189453 0.367188 0.210938 0.386719 0.226562 0.371094 0.255859 0.373047 0.253906 0.410156 0.250000 0.414062 0.216797 0.380859 0.183594 0.373047 0.160156 0.361328 0.152344
0 0.000000 0.025391 0.003906 0.068359 0.298828 0.226562 0.216797 0.173828 0.201172 0.148438 0.154297 0.123047 0.148438 0.109375 0.101562 0.087891 0.093750 0.066406 0.031250 0.046875 0.050781 0.041016
0 0.996094 0.001953 0.955078 0.005859 0.958984 0.042969 0.970703 0.062500 0.970703 0.099609 0.966797 0.099609 0.960938 0.080078 0.945312 0.083984 0.945312 0.148438 0.998047 0.148438
0 0.447266 0.003906 0.447266 0.042969 0.449219 0.044922 0.449219 0.070312 0.453125 0.078125 0.480469 0.078125 0.482422 0.080078 0.484375 0.093750 0.486328 0.095703 0.492188 0.093750 0.492188 0.083984 0.494141 0.082031 0.494141 0.046875 0.492188 0.044922 0.492188 0.031250 0.490234 0.027344 0.492188 0.025391 0.494141 0.001953
0 0.623047 0.000000 0.628906 0.013672 0.669922 0.066406 0.671875 0.066406 0.687500 0.035156 0.705078 0.054688 0.708984 0.044922 0.699219 0.035156 0.681641 0.005859 0.671875 0.000000
0 0.326172 0.013672 0.351562 0.013672 0.363281 0.027344 0.365234 0.050781 0.371094 0.070312 0.371094 0.091797 0.419922 0.109375 0.447266 0.113281 0.412109 0.001953 0.367188 0.000000
1 0.673828 0.208984 0.673828 0.212891 0.675781 0.214844 0.677734 0.222656 0.701172 0.234375 0.718750 0.234375 0.720703 0.236328 0.732422 0.236328 0.734375 0.234375 0.746094 0.232422 0.759766 0.222656 0.751953 0.216797 0.736328 0.216797 0.734375 0.214844 0.687500 0.214844 0.681641 0.207031 0.679688 0.208984
1 0.175781 0.185547 0.175781 0.189453 0.177734 0.191406 0.177734 0.203125 0.187500 0.212891 0.189453 0.212891 0.195312 0.218750 0.218750 0.218750 0.216797 0.216797 0.216797 0.212891 0.214844 0.210938 0.214844 0.207031 0.212891 0.205078 0.212891 0.201172 0.210938 0.199219 0.210938 0.195312 0.212891 0.193359 0.212891 0.191406 0.214844 0.189453 0.214844 0.185547 0.216797 0.183594 0.197266 0.183594 0.195312 0.185547
1 0.691406 0.101562 0.689453 0.101562 0.685547 0.105469 0.683594 0.105469 0.677734 0.111328 0.677734 0.130859 0.675781 0.132812 0.675781 0.148438 0.677734 0.148438 0.679688 0.146484 0.691406 0.146484
1 0.685547 0.041016 0.685547 0.042969 0.683594 0.044922 0.683594 0.046875 0.681641 0.048828 0.681641 0.050781 0.679688 0.052734 0.679688 0.054688 0.677734 0.056641 0.677734 0.058594 0.671875 0.068359 0.687500 0.091797 0.693359 0.085938 0.695312 0.085938 0.699219 0.082031 0.701172 0.076172 0.705078 0.072266 0.705078 0.070312 0.708984 0.064453 0.707031 0.062500 0.705078 0.056641 0.701172 0.052734 0.701172 0.050781 0.699219 0.048828 0.693359 0.046875 0.689453 0.042969 0.687500 0.042969
1 0.189453 0.001953 0.234375 0.023438 0.263672 0.068359 0.296875 0.087891 0.353516 0.150391 0.371094 0.121094 0.392578 0.117188 0.425781 0.148438 0.369141 0.152344 0.382812 0.183594 0.416016 0.216797 0.412109 0.248047 0.457031 0.251953 0.492188 0.236328 0.466797 0.156250 0.451172 0.142578 0.449219 0.123047 0.367188 0.093750 0.361328 0.027344 0.351562 0.017578 0.324219 0.013672 0.347656 0.003906
1 0.000000 0.000000 0.000000 0.023438 0.048828 0.035156 0.050781 0.042969 0.033203 0.046875 0.109375 0.068359 0.097656 0.082031 0.160156 0.111328 0.158203 0.123047 0.207031 0.144531 0.210938 0.162109 0.246094 0.171875 0.234375 0.177734 0.304688 0.224609 0.367188 0.248047 0.376953 0.240234 0.378906 0.222656 0.343750 0.175781 0.289062 0.156250 0.292969 0.144531 0.265625 0.136719 0.265625 0.123047 0.246094 0.125000 0.210938 0.099609 0.214844 0.089844 0.175781 0.078125 0.181641 0.060547 0.162109 0.066406 0.144531 0.058594 0.134766 0.031250 0.080078 0.031250 0.062500 0.001953
