0 0.388672 0.634766 0.388672 0.646484 0.386719 0.648438 0.386719 0.679688 0.388672 0.681641 0.388672 0.701172 0.404297 0.710938 0.406250 0.708984 0.423828 0.707031 0.425781 0.705078 0.425781 0.697266 0.423828 0.695312 0.423828 0.671875 0.421875 0.669922 0.421875 0.664062 0.417969 0.656250 0.417969 0.650391 0.404297 0.634766
0 0.677734 0.406250 0.644531 0.453125 0.574219 0.527344 0.566406 0.539062 0.562500 0.558594 0.591797 0.533203 0.617188 0.496094 0.652344 0.455078 0.673828 0.423828
0 0.339844 0.482422 0.320312 0.455078 0.244141 0.402344 0.236328 0.478516 0.203125 0.457031 0.187500 0.417969 0.166016 0.417969 0.164062 0.492188 0.175781 0.509766 0.167969 0.527344 0.150391 0.511719 0.121094 0.517578 0.089844 0.462891 0.031250 0.513672 0.029297 0.535156 0.044922 0.550781 0.009766 0.558594 0.001953 0.667969 0.025391 0.679688 0.144531 0.691406 0.287109 0.607422 0.271484 0.603516 0.271484 0.574219 0.320312 0.550781 0.259766 0.546875 0.255859 0.519531
0 0.095703 0.322266 0.089844 0.330078 0.089844 0.332031 0.091797 0.333984 0.091797 0.337891 0.093750 0.339844 0.093750 0.343750 0.095703 0.345703 0.095703 0.359375 0.097656 0.361328 0.097656 0.371094 0.111328 0.357422 0.117188 0.357422 0.121094 0.361328 0.125000 0.371094 0.126953 0.371094 0.126953 0.367188 0.128906 0.365234 0.128906 0.359375 0.130859 0.357422 0.130859 0.353516 0.126953 0.349609 0.126953 0.347656 0.123047 0.343750 0.123047 0.341797 0.117188 0.333984 0.103516 0.328125 0.097656 0.322266
0 0.398438 0.289062 0.343750 0.289062 0.343750 0.384766 0.353516 0.347656 0.359375 0.341797 0.382812 0.332031 0.392578 0.320312
0 0.423828 0.005859 0.408203 0.019531 0.404297 0.019531 0.396484 0.023438 0.390625 0.023438 0.388672 0.025391 0.382812 0.025391 0.384766 0.042969 0.388672 0.046875 0.400391 0.048828 0.412109 0.060547 0.419922 0.095703 0.421875 0.083984 0.427734 0.070312 0.427734 0.064453 0.425781 0.062500 0.425781 0.009766
0 0.998047 0.001953 0.835938 0.007812 0.814453 0.041016 0.814453 0.066406 0.832031 0.105469 0.818359 0.130859 0.816406 0.173828 0.804688 0.205078 0.845703 0.175781 0.845703 0.156250 0.867188 0.140625 0.910156 0.136719 0.931641 0.126953 0.958984 0.134766 0.998047 0.134766
0 0.998047 0.248047 0.869141 0.253906 0.761719 0.201172 0.775391 0.003906 0.492188 0.013672 0.460938 0.134766 0.476562 0.201172 0.455078 0.144531 0.441406 0.224609 0.427734 0.130859 0.404297 0.232422 0.287109 0.248047 0.259766 0.003906 0.035156 0.003906 0.033203 0.285156 0.074219 0.275391 0.087891 0.115234 0.113281 0.236328 0.125000 0.128906 0.171875 0.167969 0.177734 0.121094 0.183594 0.265625 0.234375 0.275391 0.265625 0.363281 0.302734 0.357422 0.324219 0.283203 0.742188 0.253906 0.996094 0.269531
1 0.349609 0.138672 0.343750 0.146484 0.343750 0.160156 0.341797 0.162109 0.341797 0.226562 0.343750 0.234375 0.400391 0.222656 0.390625 0.205078 0.376953 0.193359 0.376953 0.189453 0.396484 0.162109 0.394531 0.164062 0.375000 0.166016 0.365234 0.152344
1 0.994141 0.136719 0.958984 0.136719 0.925781 0.130859 0.908203 0.140625 0.865234 0.144531 0.847656 0.156250 0.847656 0.181641 0.810547 0.208984 0.806641 0.220703 0.814453 0.228516 0.832031 0.232422 0.871094 0.251953 0.912109 0.244141 0.976562 0.246094 0.998047 0.242188
1 0.492188 0.095703 0.490234 0.117188 0.533203 0.158203 0.541016 0.179688 0.566406 0.177734 0.585938 0.156250 0.591797 0.216797 0.609375 0.222656 0.626953 0.210938 0.617188 0.113281 0.626953 0.087891 0.640625 0.095703 0.648438 0.199219 0.687500 0.212891 0.707031 0.193359 0.708984 0.173828 0.693359 0.164062 0.652344 0.062500 0.617188 0.052734 0.546875 0.054688 0.521484 0.085938
