0 0.433594 0.519531 0.431641 0.517578 0.427734 0.517578 0.425781 0.515625 0.421875 0.515625 0.419922 0.513672 0.417969 0.513672 0.416016 0.515625 0.408203 0.515625 0.406250 0.517578 0.396484 0.517578 0.394531 0.519531 0.394531 0.527344 0.392578 0.529297 0.392578 0.531250 0.394531 0.531250 0.396484 0.533203 0.402344 0.533203 0.404297 0.535156 0.412109 0.535156 0.414062 0.533203 0.421875 0.533203 0.423828 0.531250 0.425781 0.531250 0.427734 0.533203 0.433594 0.533203
0 0.339844 0.513672 0.335938 0.519531 0.335938 0.523438 0.349609 0.542969 0.345703 0.550781 0.343750 0.560547 0.339844 0.566406 0.339844 0.582031 0.337891 0.583984 0.337891 0.599609 0.345703 0.607422 0.369141 0.593750 0.369141 0.554688 0.367188 0.552734 0.365234 0.525391 0.361328 0.515625
0 0.615234 0.445312 0.611328 0.449219 0.609375 0.449219 0.605469 0.453125 0.603516 0.453125 0.597656 0.458984 0.595703 0.458984 0.591797 0.462891 0.589844 0.462891 0.583984 0.468750 0.582031 0.468750 0.578125 0.472656 0.576172 0.472656 0.574219 0.474609 0.591797 0.474609 0.593750 0.472656 0.595703 0.472656 0.601562 0.468750 0.605469 0.468750 0.607422 0.466797 0.609375 0.466797 0.611328 0.464844 0.613281 0.464844 0.613281 0.449219 0.615234 0.447266
0 0.144531 0.296875 0.123047 0.296875 0.119141 0.326172 0.097656 0.369141 0.099609 0.384766 0.113281 0.412109 0.125000 0.419922 0.123047 0.384766 0.126953 0.363281 0.134766 0.341797 0.140625 0.333984 0.160156 0.339844 0.160156 0.314453
0 0.365234 0.216797 0.242188 0.218750 0.277344 0.228516 0.175781 0.240234 0.177734 0.275391 0.218750 0.306641 0.207031 0.339844 0.160156 0.347656 0.162109 0.414062 0.144531 0.445312 0.197266 0.462891 0.119141 0.474609 0.105469 0.511719 0.060547 0.509766 0.064453 0.453125 0.041016 0.457031 0.001953 0.486328 0.001953 0.542969 0.117188 0.570312 0.169922 0.552734 0.169922 0.529297 0.214844 0.535156 0.267578 0.511719 0.238281 0.484375 0.292969 0.458984 0.236328 0.455078 0.238281 0.435547 0.337891 0.396484 0.314453 0.308594 0.335938 0.302734 0.343750 0.251953 0.296875 0.230469 0.367188 0.228516
0 0.005859 0.212891 0.031250 0.214844 0.035156 0.218750 0.044922 0.242188 0.050781 0.275391 0.058594 0.281250 0.074219 0.255859 0.095703 0.261719 0.121094 0.242188 0.152344 0.232422 0.162109 0.214844 0.177734 0.201172 0.117188 0.210938 0.099609 0.226562 0.095703 0.222656 0.091797 0.201172 0.015625 0.201172
0 0.388672 0.214844 0.457031 0.228516 0.654297 0.222656 0.675781 0.203125 0.736328 0.201172 0.722656 0.193359 0.673828 0.193359 0.638672 0.205078 0.443359 0.216797 0.421875 0.189453 0.406250 0.181641 0.390625 0.201172
0 0.998047 0.236328 0.994141 0.226562 0.957031 0.220703 0.992188 0.203125 0.992188 0.148438 0.939453 0.146484 0.910156 0.197266 0.900391 0.201172 0.740234 0.207031 0.820312 0.234375
0 0.097656 0.021484 0.095703 0.033203 0.089844 0.046875 0.089844 0.058594 0.091797 0.060547 0.091797 0.074219 0.093750 0.076172 0.093750 0.089844 0.097656 0.107422 0.097656 0.160156 0.105469 0.160156 0.117188 0.156250 0.115234 0.152344 0.115234 0.115234 0.099609 0.054688 0.099609 0.023438
0 0.533203 0.027344 0.533203 0.044922 0.617188 0.017578 0.656250 0.031250 0.669922 0.083984 0.681641 0.089844 0.746094 0.091797 0.789062 0.083984 0.833984 0.093750 0.863281 0.085938 0.908203 0.095703 0.935547 0.123047 0.933594 0.142578 0.941406 0.136719 0.943359 0.123047 0.919922 0.083984 0.802734 0.021484 0.738281 0.005859 0.599609 0.003906 0.582031 0.005859 0.566406 0.023438
1 0.390625 0.162109 0.443359 0.212891 0.619141 0.205078 0.697266 0.185547 0.742188 0.203125 0.910156 0.191406 0.933594 0.123047 0.863281 0.087891 0.820312 0.099609 0.787109 0.087891 0.675781 0.091797 0.662109 0.083984 0.650391 0.029297 0.617188 0.019531 0.470703 0.074219 0.500000 0.093750 0.445312 0.144531 0.412109 0.119141 0.392578 0.140625
