0 0.935547 0.974609 0.888672 0.955078 0.857422 0.951172 0.845703 0.960938 0.828125 0.964844 0.746094 0.953125 0.673828 0.962891 0.785156 0.994141 0.929688 0.994141
0 0.529297 0.939453 0.519531 0.929688 0.447266 0.933594 0.417969 0.953125 0.369141 0.947266 0.371094 0.927734 0.431641 0.912109 0.408203 0.906250 0.240234 0.939453 0.228516 0.957031 0.238281 0.976562 0.238281 0.996094 0.431641 0.996094 0.431641 0.966797 0.441406 0.957031 0.488281 0.964844
0 0.648438 0.818359 0.707031 0.849609 0.701172 0.859375 0.710938 0.884766 0.750000 0.875000 0.775391 0.896484 0.781250 0.916016 0.810547 0.927734 0.943359 0.927734 0.980469 0.904297 0.927734 0.902344 0.917969 0.886719 0.927734 0.851562 0.912109 0.826172 0.863281 0.804688 0.824219 0.806641 0.794922 0.798828 0.744141 0.751953 0.726562 0.750000 0.697266 0.798828 0.673828 0.800781
0 0.455078 0.228516 0.455078 0.232422 0.460938 0.242188 0.460938 0.263672 0.507812 0.294922 0.505859 0.267578 0.507812 0.265625 0.509766 0.253906 0.513672 0.246094 0.509766 0.230469 0.505859 0.226562 0.496094 0.226562 0.490234 0.230469 0.478516 0.230469 0.476562 0.228516
0 0.375000 0.203125 0.375000 0.207031 0.378906 0.214844 0.384766 0.220703 0.404297 0.230469 0.410156 0.236328 0.410156 0.238281 0.417969 0.248047 0.421875 0.248047 0.427734 0.251953 0.433594 0.251953 0.443359 0.244141 0.447266 0.228516 0.435547 0.216797 0.427734 0.214844 0.421875 0.210938 0.412109 0.208984 0.406250 0.205078 0.390625 0.201172 0.384766 0.197266
0 0.275391 0.191406 0.271484 0.197266 0.271484 0.205078 0.269531 0.207031 0.269531 0.214844 0.267578 0.216797 0.269531 0.216797 0.271484 0.218750 0.275391 0.218750 0.281250 0.222656 0.285156 0.222656 0.287109 0.224609 0.291016 0.224609 0.292969 0.226562 0.302734 0.228516 0.310547 0.222656 0.312500 0.222656 0.324219 0.212891 0.324219 0.203125 0.326172 0.201172 0.326172 0.193359 0.322266 0.193359 0.320312 0.191406 0.316406 0.191406 0.314453 0.189453 0.292969 0.189453 0.291016 0.191406
0 0.712891 0.121094 0.673828 0.146484 0.705078 0.171875 0.669922 0.195312 0.673828 0.416016 0.666016 0.468750 0.671875 0.494141 0.695312 0.513672 0.728516 0.519531 0.773438 0.498047 0.837891 0.439453 0.855469 0.400391 0.843750 0.382812 0.849609 0.314453 0.839844 0.269531 0.818359 0.248047 0.812500 0.226562 0.773438 0.214844 0.785156 0.185547 0.742188 0.156250 0.738281 0.128906
0 0.000000 0.056641 0.001953 0.224609 0.128906 0.291016 0.212891 0.308594 0.224609 0.324219 0.212891 0.367188 0.001953 0.470703 0.076172 0.449219 0.070312 0.490234 0.099609 0.488281 0.224609 0.419922 0.250000 0.328125 0.242188 0.304688 0.214844 0.308594 0.130859 0.269531 0.115234 0.238281 0.199219 0.201172 0.208984 0.154297 0.080078 0.142578 0.060547 0.179688 0.039062 0.185547 0.037109 0.089844
1 0.505859 0.962891 0.785156 0.996094 0.671875 0.962891 0.867188 0.949219 0.933594 0.968750 0.933594 0.998047 0.998047 0.998047 0.998047 0.880859 0.921875 0.888672 0.982422 0.904297 0.955078 0.925781 0.849609 0.935547 0.781250 0.917969 0.742188 0.876953 0.710938 0.888672 0.689453 0.857422 0.621094 0.882812 0.609375 0.902344 0.628906 0.925781 0.591797 0.925781 0.589844 0.876953 0.552734 0.880859 0.523438 0.900391 0.517578 0.929688 0.552734 0.937500
1 0.546875 0.001953 0.546875 0.013672 0.558594 0.035156 0.572266 0.052734 0.595703 0.074219 0.605469 0.089844 0.632812 0.103516 0.634766 0.091797 0.595703 0.052734 0.597656 0.039062 0.582031 0.015625 0.582031 0.005859 0.566406 0.001953
1 0.001953 0.001953 0.003906 0.058594 0.037109 0.085938 0.042969 0.105469 0.039062 0.181641 0.056641 0.181641 0.080078 0.140625 0.105469 0.150391 0.208984 0.152344 0.210938 0.183594 0.199219 0.203125 0.140625 0.220703 0.117188 0.238281 0.128906 0.265625 0.216797 0.306641 0.236328 0.298828 0.263672 0.232422 0.263672 0.187500 0.277344 0.179688 0.322266 0.183594 0.197266 0.111328 0.050781 0.007812
1 0.101562 0.001953 0.191406 0.074219 0.257812 0.082031 0.269531 0.089844 0.279297 0.115234 0.318359 0.132812 0.306641 0.146484 0.357422 0.189453 0.382812 0.189453 0.470703 0.226562 0.496094 0.224609 0.474609 0.201172 0.226562 0.011719 0.195312 0.000000
