0 0.652344 0.996094 0.847656 0.998047 0.847656 0.988281 0.855469 0.984375 0.855469 0.964844 0.845703 0.960938 0.843750 0.947266 0.837891 0.941406 0.820312 0.937500 0.812500 0.910156 0.767578 0.910156 0.701172 0.900391 0.707031 0.933594 0.703125 0.945312 0.689453 0.955078 0.691406 0.964844 0.701172 0.972656 0.685547 0.980469 0.654297 0.984375
0 0.337891 0.919922 0.345703 0.935547 0.353516 0.943359 0.394531 0.958984 0.455078 0.960938 0.470703 0.955078 0.466797 0.947266 0.443359 0.943359 0.435547 0.935547 0.431641 0.902344 0.421875 0.900391 0.421875 0.886719 0.400391 0.886719 0.382812 0.880859 0.371094 0.880859 0.367188 0.882812 0.369141 0.898438 0.361328 0.917969
0 0.906250 0.826172 0.898438 0.869141 0.853516 0.875000 0.861328 0.890625 0.896484 0.890625 0.902344 0.900391 0.851562 0.906250 0.853516 0.945312 0.871094 0.960938 0.865234 0.998047 0.955078 0.996094 0.955078 0.986328 0.923828 0.974609 0.923828 0.953125 0.943359 0.957031 0.945312 0.939453 0.958984 0.941406 0.962891 0.951172 0.990234 0.880859 0.960938 0.876953 0.951172 0.857422 0.927734 0.843750 0.917969 0.826172
0 0.001953 0.738281 0.001953 0.853516 0.355469 0.863281 0.402344 0.853516 0.404297 0.880859 0.421875 0.875000 0.431641 0.886719 0.443359 0.869141 0.533203 0.867188 0.539062 0.853516 0.101562 0.824219 0.121094 0.802734 0.060547 0.794922 0.039062 0.779297 0.011719 0.732422
0 0.580078 0.447266 0.572266 0.447266 0.568359 0.464844 0.580078 0.472656 0.582031 0.494141 0.562500 0.501953 0.556641 0.574219 0.550781 0.578125 0.562500 0.607422 0.562500 0.646484 0.568359 0.679688 0.576172 0.683594 0.578125 0.625000 0.625000 0.615234 0.626953 0.591797 0.621094 0.576172 0.623047 0.480469 0.611328 0.460938
0 0.875000 0.324219 0.871094 0.320312 0.871094 0.318359 0.869141 0.318359 0.865234 0.322266 0.863281 0.322266 0.857422 0.328125 0.855469 0.328125 0.851562 0.332031 0.845703 0.333984 0.841797 0.337891 0.839844 0.337891 0.835938 0.341797 0.833984 0.341797 0.830078 0.345703 0.828125 0.345703 0.826172 0.347656 0.841797 0.347656 0.847656 0.343750 0.851562 0.343750 0.853516 0.341797 0.855469 0.341797 0.857422 0.339844 0.863281 0.337891 0.875000 0.326172
0 0.931641 0.296875 0.912109 0.302734 0.884766 0.320312 0.906250 0.326172 0.906250 0.369141 0.884766 0.388672 0.875000 0.412109 0.912109 0.396484 0.962891 0.382812 0.972656 0.373047 0.933594 0.355469 0.919922 0.345703 0.921875 0.328125 0.945312 0.312500 0.925781 0.308594
0 0.996094 0.242188 0.978516 0.246094 0.968750 0.251953 0.955078 0.263672 0.951172 0.263672 0.949219 0.265625 0.941406 0.265625 0.919922 0.275391 0.919922 0.292969 0.949219 0.275391 0.953125 0.275391 0.958984 0.271484 0.962891 0.271484 0.976562 0.263672 0.980469 0.263672 0.988281 0.259766 0.990234 0.251953
0 0.595703 0.167969 0.572266 0.193359 0.562500 0.216797 0.564453 0.242188 0.572266 0.251953 0.576172 0.246094 0.578125 0.248047 0.576172 0.259766 0.566406 0.269531 0.570312 0.283203 0.568359 0.308594 0.576172 0.326172 0.585938 0.326172 0.582031 0.302734 0.585938 0.265625 0.576172 0.244141 0.582031 0.228516 0.583984 0.203125 0.599609 0.189453
0 0.435547 0.132812 0.435547 0.134766 0.433594 0.136719 0.433594 0.140625 0.431641 0.142578 0.431641 0.144531 0.427734 0.150391 0.427734 0.154297 0.425781 0.156250 0.425781 0.166016 0.427734 0.166016 0.429688 0.164062 0.439453 0.164062 0.451172 0.173828 0.455078 0.173828 0.457031 0.175781 0.464844 0.175781 0.466797 0.177734 0.474609 0.177734 0.476562 0.179688 0.476562 0.177734 0.474609 0.175781 0.474609 0.171875 0.472656 0.169922 0.468750 0.169922 0.466797 0.167969 0.458984 0.167969 0.457031 0.166016 0.457031 0.142578 0.455078 0.142578 0.453125 0.140625 0.447266 0.140625 0.443359 0.136719 0.441406 0.136719 0.437500 0.132812
0 0.998047 0.058594 0.990234 0.054688 0.976562 0.060547 0.931641 0.097656 0.814453 0.173828 0.771484 0.207031 0.757812 0.230469 0.783203 0.255859 0.787109 0.238281 0.777344 0.222656 0.791016 0.210938 0.789062 0.199219 0.800781 0.201172 0.822266 0.191406 0.878906 0.144531 0.894531 0.166016 0.910156 0.126953 0.939453 0.125000 0.962891 0.109375 0.968750 0.087891 0.988281 0.093750 0.996094 0.085938
1 0.896484 0.324219 0.878906 0.324219 0.869141 0.335938 0.869141 0.347656 0.867188 0.349609 0.867188 0.375000 0.869141 0.376953 0.869141 0.386719 0.871094 0.388672 0.871094 0.400391 0.873047 0.402344 0.873047 0.408203 0.882812 0.386719 0.902344 0.367188 0.902344 0.363281 0.904297 0.361328 0.904297 0.330078 0.902344 0.330078
1 0.998047 0.265625 0.931641 0.298828 0.927734 0.308594 0.947266 0.312500 0.923828 0.333984 0.921875 0.345703 0.974609 0.373047 0.962891 0.384766 0.925781 0.404297 0.953125 0.400391 0.998047 0.378906
