0 0.087891 0.542969 0.083984 0.541016 0.070312 0.541016 0.068359 0.542969 0.054688 0.542969 0.052734 0.544922 0.001953 0.546875 0.001953 0.587891 0.000000 0.589844 0.001953 0.605469 0.052734 0.605469 0.082031 0.591797 0.072266 0.578125 0.072266 0.562500 0.074219 0.556641
0 0.744141 0.566406 0.718750 0.562500 0.699219 0.570312 0.683594 0.562500 0.671875 0.568359 0.673828 0.556641 0.681641 0.550781 0.724609 0.546875 0.722656 0.539062 0.671875 0.541016 0.630859 0.546875 0.599609 0.562500 0.589844 0.578125 0.599609 0.587891 0.683594 0.580078
0 0.328125 0.175781 0.328125 0.207031 0.330078 0.208984 0.330078 0.216797 0.333984 0.220703 0.335938 0.220703 0.343750 0.226562 0.349609 0.226562 0.351562 0.224609 0.363281 0.224609 0.363281 0.222656 0.365234 0.220703 0.365234 0.210938 0.367188 0.208984 0.367188 0.203125 0.365234 0.201172 0.365234 0.191406 0.363281 0.189453 0.363281 0.187500 0.355469 0.181641 0.353516 0.181641 0.349609 0.177734 0.347656 0.177734 0.343750 0.173828 0.341797 0.173828 0.339844 0.175781
0 0.982422 0.158203 0.980469 0.158203 0.980469 0.160156 0.978516 0.162109 0.978516 0.166016 0.976562 0.167969 0.976562 0.175781 0.974609 0.177734 0.974609 0.191406 0.972656 0.193359 0.972656 0.207031 0.970703 0.208984 0.970703 0.212891 0.980469 0.220703 0.982422 0.218750 0.992188 0.214844 0.996094 0.210938 0.996094 0.205078 0.998047 0.203125 0.998047 0.191406 0.996094 0.189453 0.996094 0.183594 0.994141 0.181641 0.994141 0.173828 0.990234 0.169922 0.990234 0.167969 0.984375 0.162109 0.984375 0.160156
0 0.343750 0.058594 0.326172 0.074219 0.324219 0.078125 0.324219 0.097656 0.330078 0.105469 0.330078 0.107422 0.335938 0.113281 0.335938 0.115234 0.345703 0.125000 0.349609 0.126953 0.353516 0.125000 0.361328 0.117188 0.363281 0.117188 0.363281 0.113281 0.365234 0.111328 0.365234 0.105469 0.369141 0.097656 0.369141 0.087891 0.367188 0.085938 0.367188 0.074219 0.363281 0.068359 0.363281 0.064453 0.349609 0.062500
0 0.164062 0.007812 0.158203 0.031250 0.171875 0.060547 0.212891 0.062500 0.242188 0.123047 0.269531 0.152344 0.281250 0.160156 0.292969 0.160156 0.298828 0.146484 0.298828 0.095703 0.308594 0.074219 0.310547 0.042969 0.302734 0.025391 0.306641 0.001953
0 0.001953 0.464844 0.154297 0.523438 0.148438 0.585938 0.464844 0.562500 0.566406 0.509766 0.527344 0.371094 0.572266 0.310547 0.587891 0.494141 0.796875 0.525391 0.671875 0.494141 0.666016 0.291016 0.958984 0.222656 0.966797 0.150391 0.427734 0.302734 0.980469 0.121094 0.998047 0.005859 0.615234 0.058594 0.564453 0.009766 0.609375 0.207031 0.308594 0.300781 0.425781 0.376953 0.341797 0.394531 0.330078 0.351562 0.337891 0.500000 0.302734 0.384766 0.300781 0.509766 0.222656 0.546875 0.255859 0.523438 0.179688 0.507812 0.117188 0.273438 0.279297 0.333984 0.310547 0.250000 0.216797 0.097656 0.101562 0.162109 0.082031 0.001953 0.003906 0.000000
1 0.617188 0.527344 0.599609 0.519531 0.591797 0.507812 0.572266 0.505859 0.564453 0.513672 0.556641 0.515625 0.544922 0.533203 0.517578 0.533203 0.517578 0.542969 0.531250 0.546875 0.548828 0.572266 0.552734 0.574219 0.570312 0.556641 0.572266 0.558594 0.591797 0.560547 0.609375 0.556641 0.626953 0.546875
1 0.439453 0.396484 0.427734 0.503906 0.437500 0.515625 0.472656 0.515625 0.509766 0.501953 0.546875 0.500000 0.541016 0.474609 0.517578 0.421875 0.496094 0.421875 0.482422 0.447266 0.486328 0.492188 0.476562 0.500000 0.457031 0.500000 0.453125 0.488281 0.464844 0.458984 0.466797 0.429688 0.462891 0.398438
1 0.982422 0.121094 0.789062 0.175781 0.763672 0.208984 0.712891 0.240234 0.654297 0.253906 0.632812 0.244141 0.562500 0.248047 0.546875 0.283203 0.431641 0.304688 0.439453 0.320312 0.714844 0.255859 0.820312 0.201172 0.945312 0.175781
