0 0.998047 0.894531 0.990234 0.896484 0.984375 0.925781 0.986328 0.949219 0.964844 0.988281 0.953125 0.990234 0.923828 0.984375 0.906250 0.984375 0.900391 0.988281 0.900391 0.996094 0.998047 0.998047
0 0.644531 0.873047 0.654297 0.884766 0.654297 0.886719 0.669922 0.902344 0.677734 0.902344 0.679688 0.904297 0.685547 0.904297 0.687500 0.906250 0.691406 0.906250 0.691406 0.904297 0.701172 0.886719 0.701172 0.882812 0.703125 0.880859 0.703125 0.876953 0.705078 0.875000 0.705078 0.871094 0.707031 0.869141 0.693359 0.869141 0.691406 0.867188 0.662109 0.867188 0.660156 0.869141 0.654297 0.869141 0.652344 0.871094 0.648438 0.871094 0.646484 0.873047
0 0.000000 0.783203 0.001953 0.830078 0.039062 0.863281 0.078125 0.867188 0.095703 0.890625 0.177734 0.906250 0.199219 0.923828 0.183594 0.943359 0.234375 0.957031 0.248047 0.941406 0.304688 0.951172 0.310547 0.964844 0.244141 0.964844 0.304688 0.992188 0.423828 0.994141 0.390625 0.976562 0.380859 0.945312 0.369141 0.957031 0.347656 0.951172 0.335938 0.908203 0.330078 0.937500 0.320312 0.902344 0.294922 0.882812 0.277344 0.908203 0.261719 0.910156 0.150391 0.853516 0.134766 0.810547 0.105469 0.789062 0.089844 0.814453
0 0.937500 0.712891 0.904297 0.714844 0.892578 0.718750 0.896484 0.726562 0.904297 0.728516 0.908203 0.732422 0.910156 0.759766 0.923828 0.824219 0.927734 0.816406 0.927734 0.804688 0.921875 0.779297 0.923828 0.763672 0.929688 0.755859 0.939453 0.753906 0.943359 0.740234 0.949219 0.730469 0.943359 0.716797
0 0.830078 0.695312 0.804688 0.685547 0.779297 0.679688 0.773438 0.683594 0.751953 0.689453 0.720703 0.687500 0.701172 0.697266 0.695312 0.710938 0.705078 0.716797 0.728516 0.714844 0.734375 0.718750 0.757812 0.718750 0.775391 0.710938 0.822266 0.710938
0 0.488281 0.677734 0.488281 0.720703 0.501953 0.732422 0.513672 0.779297 0.527344 0.783203 0.523438 0.833984 0.533203 0.859375 0.519531 0.876953 0.521484 0.912109 0.537109 0.912109 0.568359 0.958984 0.580078 0.955078 0.570312 0.884766 0.550781 0.880859 0.541016 0.851562 0.546875 0.824219 0.558594 0.818359 0.615234 0.896484 0.615234 0.923828 0.595703 0.933594 0.591797 0.953125 0.613281 0.943359 0.628906 0.962891 0.638672 0.958984 0.644531 0.927734 0.636719 0.898438 0.595703 0.849609 0.593750 0.828125 0.562500 0.775391 0.507812 0.726562
0 0.880859 0.669922 0.865234 0.675781 0.810547 0.750000 0.777344 0.806641 0.777344 0.810547 0.783203 0.816406 0.806641 0.787109 0.830078 0.767578 0.849609 0.734375 0.869141 0.720703 0.878906 0.701172
0 0.500000 0.681641 0.511719 0.691406 0.541016 0.691406 0.595703 0.677734 0.601562 0.683594 0.603516 0.705078 0.619141 0.705078 0.630859 0.697266 0.625000 0.681641 0.634766 0.675781 0.642578 0.697266 0.662109 0.703125 0.673828 0.695312 0.652344 0.679688 0.658203 0.675781 0.779297 0.664062 0.773438 0.652344 0.761719 0.650391 0.546875 0.673828 0.548828 0.648438 0.517578 0.646484 0.523438 0.667969
0 0.884766 0.542969 0.880859 0.548828 0.880859 0.560547 0.882812 0.562500 0.882812 0.576172 0.884766 0.578125 0.886719 0.605469 0.888672 0.607422 0.888672 0.615234 0.890625 0.617188 0.892578 0.630859 0.904297 0.648438 0.902344 0.617188 0.900391 0.615234 0.900391 0.603516 0.898438 0.601562 0.898438 0.591797 0.896484 0.589844 0.896484 0.580078 0.894531 0.578125 0.894531 0.566406 0.892578 0.564453 0.892578 0.550781 0.894531 0.548828 0.894531 0.544922
0 0.875000 0.542969 0.869141 0.527344 0.861328 0.533203 0.798828 0.539062 0.777344 0.544922 0.751953 0.546875 0.732422 0.552734 0.742188 0.562500 0.757812 0.566406 0.771484 0.580078 0.810547 0.583984 0.843750 0.576172 0.867188 0.556641
0 0.361328 0.353516 0.357422 0.353516 0.355469 0.355469 0.349609 0.355469 0.347656 0.357422 0.339844 0.357422 0.337891 0.359375 0.335938 0.359375 0.333984 0.357422 0.335938 0.355469 0.332031 0.359375 0.326172 0.361328 0.324219 0.363281 0.324219 0.369141 0.322266 0.371094 0.322266 0.388672 0.324219 0.388672 0.326172 0.386719 0.332031 0.386719 0.333984 0.384766 0.335938 0.384766 0.345703 0.375000 0.349609 0.375000 0.351562 0.373047 0.355469 0.373047 0.357422 0.371094 0.359375 0.371094 0.359375 0.363281 0.361328 0.361328
0 0.369141 0.339844 0.365234 0.345703 0.371094 0.361328 0.404297 0.417969 0.388672 0.417969 0.394531 0.445312 0.402344 0.460938 0.410156 0.462891 0.416016 0.453125 0.412109 0.435547 0.416016 0.435547 0.449219 0.501953 0.453125 0.496094 0.443359 0.468750
0 0.972656 0.306641 0.947266 0.363281 0.898438 0.398438 0.880859 0.421875 0.878906 0.441406 0.902344 0.480469 0.904297 0.523438 0.912109 0.542969 0.921875 0.542969 0.925781 0.453125 0.939453 0.425781 0.945312 0.427734 0.970703 0.544922 0.992188 0.558594 0.998047 0.480469 0.984375 0.314453
0 0.900391 0.292969 0.888672 0.300781 0.888672 0.320312 0.882812 0.328125 0.880859 0.333984 0.876953 0.337891 0.876953 0.369141 0.880859 0.373047 0.892578 0.359375 0.896484 0.359375 0.904297 0.363281 0.916016 0.351562 0.906250 0.332031 0.906250 0.312500 0.904297 0.310547 0.904297 0.304688 0.902344 0.302734 0.902344 0.296875
0 0.888672 0.119141 0.878906 0.138672 0.878906 0.216797 0.880859 0.218750 0.880859 0.238281 0.882812 0.240234 0.884766 0.257812 0.886719 0.257812 0.890625 0.248047 0.886719 0.197266 0.884766 0.195312 0.886719 0.191406 0.886719 0.177734 0.888672 0.175781 0.888672 0.140625 0.890625 0.138672
0 0.960938 0.023438 0.955078 0.025391 0.943359 0.042969 0.947266 0.058594 0.951172 0.064453 0.951172 0.070312 0.941406 0.085938 0.941406 0.101562 0.939453 0.103516 0.941406 0.138672 0.957031 0.136719 0.960938 0.113281 0.962891 0.111328 0.962891 0.062500 0.964844 0.060547 0.964844 0.039062 0.968750 0.027344
0 0.937500 0.009766 0.929688 0.009766 0.908203 0.003906 0.880859 0.005859 0.882812 0.052734 0.888672 0.066406 0.886719 0.089844 0.896484 0.105469 0.902344 0.101562 0.906250 0.091797 0.906250 0.080078 0.908203 0.078125 0.910156 0.060547
0 0.099609 0.000000 0.214844 0.181641 0.255859 0.228516 0.267578 0.265625 0.308594 0.283203 0.330078 0.320312 0.347656 0.333984 0.306641 0.234375 0.177734 0.000000
1 0.951172 0.984375 0.949219 0.974609 0.943359 0.970703 0.925781 0.972656 0.865234 0.968750 0.849609 0.960938 0.843750 0.964844 0.804688 0.968750 0.757812 0.964844 0.738281 0.966797 0.738281 0.972656 0.783203 0.980469
1 0.443359 0.929688 0.441406 0.933594 0.441406 0.939453 0.439453 0.941406 0.439453 0.947266 0.437500 0.949219 0.437500 0.957031 0.435547 0.958984 0.435547 0.964844 0.433594 0.966797 0.433594 0.976562 0.431641 0.978516 0.431641 0.986328 0.435547 0.994141 0.447266 0.994141 0.449219 0.996094 0.458984 0.996094 0.466797 0.990234 0.468750 0.990234 0.462891 0.982422 0.453125 0.982422 0.447266 0.978516 0.447266 0.974609 0.445312 0.972656 0.445312 0.958984 0.447266 0.957031 0.447266 0.941406 0.445312 0.939453 0.445312 0.933594
1 0.486328 0.726562 0.476562 0.738281 0.476562 0.761719 0.468750 0.759766 0.455078 0.808594 0.451172 0.882812 0.455078 0.894531 0.470703 0.898438 0.462891 0.951172 0.470703 0.972656 0.480469 0.980469 0.595703 0.972656 0.660156 0.988281 0.703125 0.986328 0.705078 0.978516 0.691406 0.968750 0.628906 0.964844 0.613281 0.951172 0.591797 0.962891 0.556641 0.960938 0.546875 0.953125 0.546875 0.929688 0.478516 0.923828 0.486328 0.914062 0.472656 0.867188 0.478516 0.792969 0.488281 0.753906 0.500000 0.746094 0.498047 0.730469
1 0.458984 0.500000 0.455078 0.507812 0.431641 0.527344 0.445312 0.541016 0.457031 0.531250 0.472656 0.546875 0.474609 0.576172 0.470703 0.587891 0.480469 0.591797 0.490234 0.605469 0.490234 0.650391 0.486328 0.669922 0.494141 0.673828 0.498047 0.656250 0.498047 0.601562 0.501953 0.595703 0.529297 0.583984 0.494141 0.578125 0.484375 0.539062
1 0.882812 0.453125 0.871094 0.476562 0.871094 0.486328 0.873047 0.488281 0.873047 0.498047 0.875000 0.500000 0.875000 0.519531 0.873047 0.521484 0.871094 0.531250 0.873047 0.533203 0.873047 0.537109 0.880859 0.537109 0.882812 0.539062 0.892578 0.539062 0.896484 0.541016 0.904297 0.535156 0.902344 0.531250 0.902344 0.521484 0.898438 0.517578 0.902344 0.511719 0.902344 0.496094 0.898438 0.492188 0.898438 0.486328 0.896484 0.484375 0.896484 0.472656 0.886719 0.468750 0.886719 0.458984
