0 0.890625 0.283203 0.880859 0.345703 0.888672 0.365234 0.925781 0.367188 0.929688 0.380859 0.957031 0.376953 0.966797 0.384766 0.992188 0.376953 0.998047 0.367188 0.990234 0.345703 0.962891 0.353516 0.947266 0.353516 0.937500 0.345703 0.933594 0.335938 0.955078 0.322266 0.976562 0.324219 0.996094 0.333984 0.998047 0.298828 0.994141 0.292969 0.986328 0.289062
0 0.201172 0.330078 0.175781 0.398438 0.238281 0.460938 0.275391 0.445312 0.302734 0.480469 0.998047 0.777344 0.998047 0.484375 0.968750 0.462891 0.912109 0.482422 0.826172 0.441406 0.787109 0.488281 0.703125 0.525391 0.691406 0.443359 0.609375 0.419922 0.537109 0.435547 0.271484 0.357422 0.253906 0.367188 0.291016 0.324219 0.269531 0.314453 0.281250 0.259766 0.242188 0.322266
0 0.701172 0.226562 0.677734 0.228516 0.664062 0.222656 0.611328 0.226562 0.607422 0.240234 0.578125 0.292969 0.580078 0.304688 0.605469 0.296875 0.621094 0.300781 0.650391 0.277344 0.654297 0.279297 0.654297 0.287109 0.669922 0.296875 0.683594 0.285156 0.693359 0.283203 0.699219 0.255859
0 0.054688 0.136719 0.054688 0.160156 0.093750 0.175781 0.121094 0.148438 0.134766 0.148438 0.160156 0.126953 0.175781 0.125000 0.181641 0.117188 0.181641 0.070312 0.197266 0.041016 0.214844 0.033203 0.240234 0.044922 0.253906 0.039062 0.273438 0.058594 0.287109 0.187500 0.287109 0.064453 0.263672 0.029297 0.162109 0.011719 0.167969 0.035156
0 0.578125 0.009766 0.576172 0.011719 0.568359 0.011719 0.568359 0.015625 0.558594 0.033203 0.558594 0.048828 0.560547 0.050781 0.560547 0.062500 0.564453 0.072266 0.564453 0.080078 0.572266 0.083984 0.582031 0.085938 0.589844 0.076172 0.589844 0.058594 0.591797 0.056641 0.591797 0.052734 0.601562 0.046875 0.613281 0.044922 0.615234 0.041016 0.615234 0.019531 0.595703 0.019531
0 0.914062 0.003906 0.884766 0.005859 0.863281 0.017578 0.847656 0.046875 0.835938 0.001953 0.740234 0.005859 0.730469 0.091797 0.740234 0.130859 0.767578 0.158203 0.720703 0.203125 0.736328 0.236328 0.771484 0.218750 0.791016 0.193359 0.798828 0.173828 0.796875 0.125000 0.802734 0.115234 0.822266 0.105469 0.843750 0.128906 0.869141 0.115234 0.875000 0.099609 0.861328 0.058594 0.865234 0.035156 0.888672 0.046875 0.914062 0.017578
0 0.486328 0.009766 0.488281 0.011719 0.488281 0.021484 0.494141 0.027344 0.496094 0.025391 0.505859 0.025391 0.507812 0.023438 0.511719 0.023438 0.523438 0.017578 0.531250 0.017578 0.544922 0.029297 0.548828 0.029297 0.548828 0.023438 0.550781 0.021484 0.550781 0.013672 0.552734 0.011719 0.552734 0.005859 0.546875 0.005859 0.544922 0.003906 0.501953 0.003906 0.500000 0.001953 0.494141 0.001953
1 0.935547 0.335938 0.939453 0.345703 0.941406 0.347656 0.943359 0.347656 0.947266 0.351562 0.962891 0.351562 0.964844 0.349609 0.968750 0.349609 0.978516 0.343750 0.994141 0.343750 0.996094 0.341797 0.998047 0.341797 0.990234 0.333984 0.988281 0.333984 0.984375 0.330078 0.982422 0.330078 0.976562 0.326172 0.951172 0.326172 0.947266 0.330078 0.945312 0.330078 0.943359 0.332031 0.941406 0.332031 0.937500 0.335938
1 0.923828 0.001953 0.925781 0.013672 0.904297 0.025391 0.888672 0.048828 0.892578 0.074219 0.878906 0.105469 0.871094 0.173828 0.863281 0.181641 0.857422 0.179688 0.857422 0.201172 0.888672 0.281250 0.998047 0.289062 0.998047 0.000000
1 0.298828 0.005859 0.296875 0.320312 0.253906 0.363281 0.457031 0.373047 0.691406 0.441406 0.701172 0.521484 0.826172 0.439453 0.908203 0.478516 0.947266 0.457031 0.996094 0.478516 0.992188 0.378906 0.929688 0.384766 0.839844 0.343750 0.822266 0.107422 0.798828 0.125000 0.814453 0.175781 0.738281 0.240234 0.714844 0.214844 0.691406 0.294922 0.580078 0.306641 0.501953 0.250000 0.500000 0.228516 0.697266 0.224609 0.718750 0.001953 0.623047 0.000000 0.582031 0.162109 0.550781 0.121094 0.564453 0.005859 0.546875 0.033203 0.494141 0.029297 0.492188 0.001953
1 0.166016 0.000000 0.167969 0.011719 0.179688 0.017578 0.201172 0.015625 0.210938 0.021484 0.226562 0.021484 0.263672 0.027344 0.277344 0.041016 0.285156 0.058594 0.287109 0.027344 0.281250 0.009766 0.281250 0.001953
