0 0.169922 0.535156 0.673828 0.896484 0.673828 0.857422 0.652344 0.857422 0.613281 0.808594 0.574219 0.802734 0.570312 0.759766 0.654297 0.777344 0.685547 0.845703 0.919922 0.996094 0.998047 0.996094 0.998047 0.775391 0.933594 0.785156 0.761719 0.718750 0.664062 0.742188 0.640625 0.660156 0.419922 0.560547 0.326172 0.570312 0.283203 0.521484 0.230469 0.550781
0 0.273438 0.244141 0.248047 0.242188 0.236328 0.255859 0.236328 0.267578 0.230469 0.285156 0.228516 0.302734 0.234375 0.326172 0.234375 0.365234 0.240234 0.398438 0.244141 0.394531 0.244141 0.351562 0.250000 0.296875 0.253906 0.285156 0.265625 0.271484
0 0.121094 0.013672 0.115234 0.037109 0.119141 0.283203 0.126953 0.326172 0.136719 0.314453 0.138672 0.255859 0.156250 0.240234 0.156250 0.101562 0.130859 0.068359
0 0.396484 0.003906 0.312500 0.005859 0.318359 0.113281 0.310547 0.160156 0.326172 0.380859 0.339844 0.373047 0.343750 0.359375 0.339844 0.275391 0.347656 0.246094 0.363281 0.273438 0.380859 0.257812 0.388672 0.306641 0.410156 0.320312 0.406250 0.009766
0 0.998047 0.001953 0.962891 0.001953 0.927734 0.023438 0.904297 0.078125 0.904297 0.140625 0.882812 0.158203 0.876953 0.177734 0.886719 0.205078 0.916016 0.232422 0.929688 0.259766 0.925781 0.357422 0.949219 0.408203 0.962891 0.476562 0.978516 0.468750 0.994141 0.472656
0 0.595703 0.000000 0.572266 0.042969 0.537109 0.025391 0.511719 0.035156 0.500000 0.089844 0.458984 0.083984 0.466797 0.134766 0.505859 0.162109 0.507812 0.232422 0.519531 0.242188 0.517578 0.324219 0.492188 0.382812 0.509766 0.408203 0.533203 0.408203 0.541016 0.427734 0.666016 0.458984 0.673828 0.419922 0.701172 0.458984 0.732422 0.417969 0.703125 0.287109 0.689453 0.292969 0.681641 0.339844 0.671875 0.347656 0.660156 0.332031 0.667969 0.187500 0.656250 0.144531 0.673828 0.076172 0.662109 0.037109 0.677734 0.007812
1 0.564453 0.769531 0.572266 0.792969 0.617188 0.808594 0.652344 0.855469 0.675781 0.857422 0.681641 0.892578 0.693359 0.906250 0.812500 0.996094 0.902344 0.998047 0.910156 0.992188 0.857422 0.964844 0.791016 0.910156 0.689453 0.855469 0.677734 0.841797 0.671875 0.810547 0.650391 0.779297
1 0.792969 0.457031 0.796875 0.482422 0.814453 0.494141 0.841797 0.490234 0.871094 0.550781 0.876953 0.605469 0.867188 0.691406 0.878906 0.708984 0.871094 0.751953 0.935547 0.781250 0.957031 0.773438 0.996094 0.775391 0.998047 0.476562 0.968750 0.474609 0.947266 0.490234 0.933594 0.484375 0.896484 0.488281 0.826172 0.466797 0.806641 0.453125
1 0.515625 0.443359 0.517578 0.449219 0.552734 0.453125 0.566406 0.460938 0.595703 0.458984 0.597656 0.460938 0.611328 0.460938 0.626953 0.464844 0.640625 0.462891 0.632812 0.451172 0.601562 0.451172 0.593750 0.449219 0.587891 0.443359 0.585938 0.437500 0.566406 0.437500 0.554688 0.429688 0.546875 0.429688 0.537109 0.437500 0.531250 0.435547 0.521484 0.437500
1 0.378906 0.263672 0.365234 0.275391 0.351562 0.257812 0.345703 0.263672 0.341797 0.373047 0.324219 0.382812 0.304688 0.466797 0.257812 0.476562 0.242188 0.404297 0.236328 0.457031 0.222656 0.462891 0.214844 0.484375 0.164062 0.513672 0.171875 0.531250 0.199219 0.546875 0.224609 0.548828 0.257812 0.541016 0.291016 0.511719 0.316406 0.525391 0.326172 0.566406 0.394531 0.556641 0.406250 0.482422 0.386719 0.435547 0.404297 0.410156 0.406250 0.341797 0.404297 0.320312 0.386719 0.306641
1 0.177734 0.238281 0.173828 0.238281 0.169922 0.242188 0.169922 0.244141 0.162109 0.251953 0.162109 0.273438 0.164062 0.275391 0.164062 0.277344 0.167969 0.283203 0.167969 0.287109 0.179688 0.283203 0.187500 0.275391 0.189453 0.275391 0.191406 0.273438 0.189453 0.271484 0.189453 0.259766 0.187500 0.257812 0.187500 0.253906 0.185547 0.251953 0.185547 0.250000 0.183594 0.248047 0.181641 0.242188
