0 0.660156 0.343750 0.546875 0.351562 0.517578 0.406250 0.320312 0.449219 0.324219 0.685547 0.246094 0.660156 0.000000 0.714844 0.000000 0.994141 0.091797 0.992188 0.791016 0.572266 0.794922 0.550781 0.718750 0.560547 0.585938 0.527344 0.654297 0.486328
0 0.826172 0.197266 0.800781 0.248047 0.808594 0.253906 0.832031 0.253906 0.865234 0.244141 0.876953 0.246094 0.882812 0.257812 0.873047 0.277344 0.857422 0.277344 0.818359 0.304688 0.804688 0.322266 0.804688 0.333984 0.875000 0.332031 0.900391 0.322266 0.908203 0.312500 0.917969 0.318359 0.933594 0.316406 0.958984 0.333984 0.974609 0.318359 0.996094 0.326172 0.998047 0.232422 0.884766 0.242188 0.832031 0.193359
0 0.636719 0.136719 0.623047 0.140625 0.599609 0.162109 0.589844 0.185547 0.589844 0.218750 0.603516 0.240234 0.617188 0.240234 0.623047 0.238281 0.630859 0.224609 0.628906 0.166016 0.630859 0.164062 0.630859 0.158203 0.634766 0.148438 0.634766 0.138672
0 0.509766 0.068359 0.474609 0.093750 0.453125 0.119141 0.443359 0.144531 0.439453 0.173828 0.445312 0.197266 0.441406 0.242188 0.464844 0.265625 0.513672 0.277344 0.533203 0.259766 0.535156 0.230469 0.546875 0.189453 0.548828 0.109375 0.537109 0.082031
0 0.281250 0.066406 0.279297 0.240234 0.285156 0.251953 0.298828 0.250000 0.296875 0.148438 0.291016 0.095703
0 0.535156 0.005859 0.533203 0.033203 0.570312 0.117188 0.623047 0.123047 0.634766 0.128906 0.644531 0.111328 0.662109 0.105469 0.673828 0.082031 0.677734 0.025391 0.685547 0.001953 0.554688 0.000000
0 0.183594 0.000000 0.162109 0.009766 0.146484 0.042969 0.175781 0.259766 0.138672 0.324219 0.132812 0.378906 0.087891 0.455078 0.001953 0.378906 0.005859 0.634766 0.074219 0.611328 0.078125 0.638672 0.097656 0.646484 0.171875 0.630859 0.195312 0.611328 0.203125 0.486328 0.187500 0.408203 0.222656 0.287109 0.199219 0.027344
1 0.996094 0.332031 0.978516 0.324219 0.955078 0.339844 0.935547 0.322266 0.923828 0.322266 0.921875 0.337891 0.910156 0.337891 0.896484 0.326172 0.876953 0.337891 0.808594 0.337891 0.781250 0.369141 0.761719 0.380859 0.722656 0.388672 0.722656 0.396484 0.998047 0.410156 0.998047 0.363281 0.984375 0.376953 0.933594 0.369141 0.951172 0.351562 0.976562 0.351562
1 0.673828 0.296875 0.662109 0.375000 0.669922 0.437500 0.666016 0.460938 0.650391 0.494141 0.591797 0.529297 0.628906 0.542969 0.683594 0.542969 0.710938 0.556641 0.738281 0.560547 0.787109 0.550781 0.833984 0.531250 0.830078 0.511719 0.796875 0.501953 0.787109 0.488281 0.791016 0.460938 0.779297 0.425781 0.761719 0.410156 0.748047 0.421875 0.740234 0.412109 0.693359 0.396484 0.693359 0.369141 0.675781 0.349609 0.679688 0.310547
1 0.531250 0.353516 0.478516 0.359375 0.429688 0.298828 0.408203 0.359375 0.375000 0.314453 0.367188 0.363281 0.318359 0.369141 0.304688 0.261719 0.281250 0.253906 0.259766 0.318359 0.203125 0.369141 0.195312 0.615234 0.097656 0.648438 0.076172 0.638672 0.074219 0.613281 0.001953 0.634766 0.000000 0.705078 0.080078 0.708984 0.248047 0.656250 0.324219 0.683594 0.320312 0.443359 0.390625 0.417969 0.503906 0.410156 0.533203 0.392578
1 0.638672 0.146484 0.636719 0.146484 0.636719 0.148438 0.634766 0.150391 0.634766 0.156250 0.632812 0.158203 0.632812 0.164062 0.630859 0.166016 0.630859 0.191406 0.632812 0.193359 0.632812 0.199219 0.634766 0.201172 0.634766 0.205078 0.638672 0.205078 0.640625 0.203125 0.642578 0.203125 0.642578 0.201172 0.644531 0.199219 0.644531 0.181641 0.642578 0.179688 0.642578 0.164062 0.644531 0.162109 0.644531 0.152344
