0 0.931641 0.910156 0.931641 0.921875 0.933594 0.923828 0.935547 0.933594 0.939453 0.937500 0.951172 0.943359 0.957031 0.943359 0.960938 0.945312 0.968750 0.955078 0.976562 0.970703 0.982422 0.960938 0.988281 0.958984 0.996094 0.953125 0.996094 0.929688 0.994141 0.927734 0.984375 0.925781 0.978516 0.921875 0.968750 0.919922 0.962891 0.916016 0.949219 0.921875 0.941406 0.910156
0 0.494141 0.806641 0.615234 0.849609 0.644531 0.835938 0.701172 0.849609 0.720703 0.865234 0.769531 0.853516 0.761719 0.878906 0.794922 0.878906 0.814453 0.904297 0.919922 0.912109 0.933594 0.902344 0.859375 0.884766 0.824219 0.847656 0.798828 0.861328 0.769531 0.837891 0.742188 0.843750 0.712891 0.828125 0.705078 0.839844 0.669922 0.804688 0.636719 0.808594 0.628906 0.798828 0.642578 0.785156 0.566406 0.763672 0.544922 0.785156 0.500000 0.792969
0 0.250000 0.740234 0.246094 0.738281 0.242188 0.730469 0.210938 0.724609 0.195312 0.736328 0.154297 0.755859 0.109375 0.767578 0.095703 0.775391 0.136719 0.787109 0.160156 0.777344 0.207031 0.763672 0.242188 0.740234
0 0.173828 0.707031 0.167969 0.707031 0.134766 0.687500 0.117188 0.687500 0.115234 0.689453 0.099609 0.689453 0.056641 0.710938 0.048828 0.718750 0.058594 0.746094 0.064453 0.746094 0.080078 0.740234 0.101562 0.740234 0.113281 0.728516 0.125000 0.707031 0.136719 0.705078 0.146484 0.716797 0.164062 0.712891
0 0.201172 0.470703 0.181641 0.480469 0.167969 0.496094 0.154297 0.484375 0.126953 0.482422 0.107422 0.492188 0.085938 0.511719 0.074219 0.517578 0.064453 0.517578 0.058594 0.527344 0.058594 0.556641 0.066406 0.576172 0.099609 0.574219 0.191406 0.546875 0.199219 0.539062 0.197266 0.521484 0.201172 0.501953 0.189453 0.498047
0 0.878906 0.183594 0.867188 0.234375 0.863281 0.455078 0.849609 0.566406 0.871094 0.720703 0.921875 0.636719 0.994141 0.654297 0.996094 0.261719 0.978516 0.253906 0.982422 0.236328 0.937500 0.226562 0.921875 0.242188 0.898438 0.191406
0 0.115234 0.041016 0.113281 0.042969 0.113281 0.044922 0.107422 0.050781 0.107422 0.052734 0.103516 0.056641 0.105469 0.056641 0.115234 0.066406 0.121094 0.066406 0.123047 0.068359 0.132812 0.068359 0.140625 0.060547 0.140625 0.058594 0.138672 0.056641 0.138672 0.052734 0.136719 0.050781 0.136719 0.046875 0.134766 0.044922 0.134766 0.042969 0.132812 0.041016 0.130859 0.041016 0.128906 0.039062 0.126953 0.039062 0.125000 0.041016
1 0.621094 0.849609 0.998047 0.988281 0.996094 0.955078 0.976562 0.972656 0.960938 0.947266 0.933594 0.933594 0.929688 0.910156 0.890625 0.914062 0.882812 0.908203 0.839844 0.912109 0.814453 0.906250 0.794922 0.880859 0.757812 0.876953 0.767578 0.855469 0.722656 0.871094 0.699219 0.851562 0.658203 0.839844 0.634766 0.839844
1 0.632812 0.796875 0.638672 0.806641 0.669922 0.802734 0.705078 0.837891 0.712891 0.826172 0.742188 0.839844 0.769531 0.835938 0.800781 0.859375 0.824219 0.845703 0.859375 0.882812 0.933594 0.898438 0.951172 0.919922 0.964844 0.912109 0.998047 0.925781 0.994141 0.882812 0.941406 0.876953 0.875000 0.849609 0.812500 0.841797 0.785156 0.828125 0.724609 0.816406 0.675781 0.787109 0.642578 0.787109
1 0.408203 0.716797 0.410156 0.750000 0.421875 0.761719 0.429688 0.763672 0.447266 0.753906 0.476562 0.757812 0.490234 0.771484 0.505859 0.767578 0.531250 0.783203 0.544922 0.783203 0.558594 0.765625 0.519531 0.744141
1 0.203125 0.720703 0.193359 0.705078 0.177734 0.716797 0.158203 0.718750 0.140625 0.730469 0.119141 0.740234 0.095703 0.755859 0.083984 0.767578 0.107422 0.767578 0.140625 0.755859 0.160156 0.744141 0.173828 0.742188 0.193359 0.734375
1 0.058594 0.466797 0.062500 0.515625 0.199219 0.468750 0.205078 0.500000 0.228516 0.458984 0.310547 0.541016 0.572266 0.566406 0.402344 0.544922 0.330078 0.498047 0.390625 0.451172 0.673828 0.572266 0.609375 0.572266 0.835938 0.609375 0.839844 0.158203 0.787109 0.144531 0.775391 0.171875 0.830078 0.205078 0.736328 0.253906 0.685547 0.224609 0.681641 0.119141 0.644531 0.072266 0.587891 0.048828 0.484375 0.144531 0.490234 0.007812 0.357422 0.000000 0.294922 0.103516 0.308594 0.285156 0.283203 0.294922 0.263672 0.248047 0.218750 0.355469 0.201172 0.306641 0.195312 0.441406 0.160156 0.417969
2 0.201172 0.511719 0.201172 0.519531 0.199219 0.521484 0.244141 0.529297 0.253906 0.533203 0.261719 0.533203 0.292969 0.541016 0.300781 0.537109 0.287109 0.517578 0.283203 0.507812 0.277344 0.501953 0.263672 0.500000 0.253906 0.486328 0.230469 0.464844 0.220703 0.476562 0.212891 0.500000
2 0.330078 0.486328 0.333984 0.500000 0.376953 0.517578 0.402344 0.542969 0.429688 0.527344 0.435547 0.539062 0.525391 0.568359 0.572266 0.564453 0.654297 0.576172 0.671875 0.572266 0.660156 0.550781 0.548828 0.517578 0.529297 0.517578 0.507812 0.480469 0.500000 0.492188 0.478516 0.486328 0.447266 0.494141 0.410156 0.478516 0.402344 0.460938 0.388672 0.453125 0.376953 0.470703 0.345703 0.476562
