0 0.496094 0.751953 0.519531 0.802734 0.777344 0.906250 0.865234 0.931641 0.896484 0.927734 0.931641 0.947266 0.998047 0.943359 0.988281 0.914062 0.826172 0.849609 0.531250 0.757812 0.511719 0.742188
0 0.332031 0.708984 0.339844 0.714844 0.341797 0.714844 0.345703 0.718750 0.347656 0.718750 0.355469 0.726562 0.357422 0.726562 0.367188 0.736328 0.369141 0.736328 0.371094 0.738281 0.388672 0.740234 0.396484 0.734375 0.394531 0.732422 0.394531 0.718750 0.392578 0.716797 0.392578 0.714844 0.376953 0.699219 0.371094 0.699219 0.369141 0.697266 0.347656 0.697266
0 0.179688 0.746094 0.187500 0.759766 0.214844 0.767578 0.269531 0.738281 0.302734 0.732422 0.302734 0.718750 0.287109 0.708984 0.291016 0.683594 0.205078 0.664062 0.205078 0.673828 0.212891 0.685547 0.255859 0.707031 0.263672 0.714844 0.189453 0.736328
0 0.117188 0.335938 0.093750 0.349609 0.146484 0.357422 0.158203 0.386719 0.187500 0.394531 0.183594 0.472656 0.175781 0.480469 0.142578 0.470703 0.097656 0.488281 0.087891 0.455078 0.072266 0.439453 0.013672 0.435547 0.000000 0.441406 0.000000 0.533203 0.107422 0.523438 0.105469 0.550781 0.205078 0.541016 0.205078 0.583984 0.240234 0.550781 0.220703 0.537109 0.283203 0.500000 0.232422 0.470703 0.226562 0.365234 0.216797 0.345703
0 0.250000 0.232422 0.236328 0.232422 0.210938 0.248047 0.195312 0.269531 0.203125 0.281250 0.205078 0.302734 0.207031 0.304688 0.207031 0.328125 0.220703 0.335938 0.232422 0.324219 0.234375 0.292969 0.240234 0.273438 0.240234 0.259766 0.246094 0.251953 0.261719 0.244141
0 0.738281 0.177734 0.718750 0.173828 0.695312 0.183594 0.669922 0.181641 0.662109 0.167969 0.662109 0.136719 0.621094 0.167969 0.603516 0.152344 0.576172 0.148438 0.566406 0.171875 0.556641 0.177734 0.546875 0.255859 0.537109 0.265625 0.537109 0.312500 0.552734 0.365234 0.619141 0.363281 0.666016 0.300781 0.714844 0.283203 0.732422 0.265625 0.742188 0.234375
0 0.207031 0.117188 0.203125 0.136719 0.201172 0.138672 0.201172 0.146484 0.203125 0.148438 0.203125 0.220703 0.201172 0.222656 0.201172 0.228516 0.220703 0.195312 0.220703 0.185547 0.218750 0.183594 0.218750 0.146484 0.216797 0.144531 0.216797 0.132812 0.214844 0.130859 0.214844 0.125000
0 0.349609 0.076172 0.330078 0.101562 0.320312 0.142578 0.328125 0.160156 0.335938 0.210938 0.349609 0.238281 0.363281 0.242188 0.380859 0.257812 0.388672 0.230469 0.371094 0.214844 0.371094 0.208984 0.380859 0.187500 0.384766 0.150391 0.376953 0.138672 0.363281 0.128906 0.353516 0.152344 0.345703 0.160156 0.341797 0.156250 0.337891 0.117188 0.355469 0.085938
0 0.167969 0.000000 0.066406 0.001953 0.082031 0.027344 0.085938 0.089844 0.093750 0.109375 0.093750 0.125000 0.076172 0.166016 0.078125 0.173828 0.107422 0.117188 0.119141 0.271484 0.132812 0.269531 0.132812 0.210938 0.154297 0.171875 0.181641 0.187500 0.197266 0.183594 0.193359 0.146484 0.167969 0.062500 0.177734 0.011719
1 0.353516 0.746094 0.326172 0.736328 0.312500 0.726562 0.294922 0.738281 0.279297 0.740234 0.216797 0.767578 0.205078 0.779297 0.207031 0.794922 0.216797 0.802734 0.230469 0.802734 0.255859 0.792969 0.281250 0.777344 0.306641 0.777344 0.324219 0.769531 0.343750 0.765625 0.355469 0.755859
1 0.308594 0.500000 0.267578 0.511719 0.224609 0.537109 0.238281 0.542969 0.242188 0.550781 0.208984 0.582031 0.208984 0.628906 0.226562 0.638672 0.226562 0.621094 0.232422 0.617188 0.250000 0.617188 0.283203 0.625000 0.324219 0.605469 0.324219 0.580078 0.312500 0.535156 0.314453 0.513672
1 0.302734 0.248047 0.300781 0.246094 0.300781 0.230469 0.298828 0.228516 0.298828 0.226562 0.296875 0.226562 0.294922 0.224609 0.289062 0.224609 0.287109 0.226562 0.283203 0.226562 0.281250 0.228516 0.279297 0.228516 0.277344 0.226562 0.261719 0.226562 0.257812 0.230469 0.255859 0.230469 0.255859 0.232422 0.257812 0.234375 0.259766 0.234375 0.269531 0.242188 0.273438 0.242188 0.275391 0.244141 0.279297 0.244141 0.281250 0.246094 0.287109 0.246094 0.289062 0.248047 0.292969 0.248047 0.294922 0.250000 0.296875 0.248047
1 0.160156 0.173828 0.148438 0.218750 0.158203 0.253906 0.167969 0.265625 0.167969 0.279297 0.181641 0.265625 0.199219 0.255859 0.201172 0.238281 0.205078 0.250000 0.240234 0.230469 0.242188 0.220703 0.236328 0.207031 0.222656 0.193359 0.201172 0.238281 0.199219 0.189453 0.185547 0.191406
1 0.486328 0.103516 0.466797 0.109375 0.443359 0.093750 0.416016 0.125000 0.402344 0.158203 0.408203 0.216797 0.380859 0.259766 0.349609 0.240234 0.333984 0.218750 0.328125 0.226562 0.347656 0.298828 0.378906 0.337891 0.367188 0.359375 0.347656 0.335938 0.343750 0.369141 0.511719 0.369141 0.476562 0.337891 0.441406 0.363281 0.443359 0.330078 0.484375 0.320312 0.525391 0.244141
1 0.361328 0.017578 0.361328 0.019531 0.359375 0.021484 0.359375 0.042969 0.355469 0.046875 0.351562 0.056641 0.355469 0.056641 0.367188 0.048828 0.369141 0.050781 0.371094 0.050781 0.388672 0.060547 0.386719 0.058594 0.386719 0.048828 0.384766 0.046875 0.384766 0.039062 0.382812 0.037109 0.382812 0.027344 0.384766 0.025391 0.384766 0.021484 0.369141 0.021484 0.365234 0.017578
1 0.064453 0.003906 0.062500 0.263672 0.054688 0.289062 0.011719 0.322266 0.005859 0.333984 0.083984 0.345703 0.138672 0.298828 0.138672 0.279297 0.111328 0.275391 0.095703 0.261719 0.091797 0.199219 0.072266 0.156250 0.089844 0.113281 0.080078 0.080078 0.076172 0.015625
