0 0.294922 0.736328 0.285156 0.755859 0.279297 0.937500 0.292969 0.970703 0.300781 0.908203 0.306641 0.748047
0 0.560547 0.730469 0.550781 0.757812 0.523438 0.773438 0.503906 0.767578 0.482422 0.734375 0.462891 0.740234 0.484375 0.892578 0.472656 0.898438 0.464844 0.917969 0.494141 0.931641 0.498047 0.958984 0.427734 0.906250 0.414062 0.921875 0.396484 0.923828 0.390625 0.968750 0.425781 0.994141 0.548828 0.998047 0.548828 0.960938 0.609375 0.933594 0.599609 0.896484 0.583984 0.880859
0 0.482422 0.671875 0.488281 0.689453 0.503906 0.679688 0.513672 0.699219 0.517578 0.699219 0.533203 0.685547 0.537109 0.689453 0.544922 0.707031 0.552734 0.714844 0.560547 0.708984 0.546875 0.675781 0.523438 0.654297 0.501953 0.656250
0 0.271484 0.638672 0.207031 0.662109 0.195312 0.679688 0.181641 0.654297 0.175781 0.710938 0.208984 0.724609 0.195312 0.750000 0.197266 0.996094 0.214844 0.994141 0.218750 0.751953 0.208984 0.726562 0.283203 0.697266 0.320312 0.699219 0.304688 0.666016
0 0.000000 0.619141 0.001953 0.642578 0.042969 0.626953 0.109375 0.634766 0.162109 0.630859 0.158203 0.625000 0.144531 0.619141 0.101562 0.617188 0.080078 0.609375 0.037109 0.609375 0.019531 0.617188 0.001953 0.613281
0 0.220703 0.570312 0.205078 0.542969 0.146484 0.558594 0.082031 0.552734 0.076172 0.585938 0.082031 0.591797 0.126953 0.593750 0.132812 0.582031 0.140625 0.578125 0.148438 0.580078 0.148438 0.587891 0.207031 0.578125 0.218750 0.574219
0 0.843750 0.476562 0.814453 0.503906 0.814453 0.515625 0.812500 0.517578 0.812500 0.560547 0.810547 0.564453 0.816406 0.578125 0.832031 0.580078 0.833984 0.582031 0.865234 0.582031 0.863281 0.578125 0.859375 0.505859
0 0.257812 0.324219 0.234375 0.519531 0.234375 0.587891 0.240234 0.597656 0.341797 0.589844 0.339844 0.406250 0.332031 0.378906 0.316406 0.431641 0.285156 0.472656 0.265625 0.451172
0 0.380859 0.179688 0.371094 0.519531 0.402344 0.609375 0.595703 0.603516 0.585938 0.630859 0.656250 0.636719 0.966797 0.595703 0.917969 0.572266 0.810547 0.599609 0.763672 0.527344 0.664062 0.494141 0.623047 0.210938 0.630859 0.416016 0.525391 0.470703 0.494141 0.162109 0.490234 0.308594 0.474609 0.330078 0.460938 0.312500 0.435547 0.443359 0.414062 0.410156 0.427734 0.324219 0.394531 0.328125
0 0.503906 0.005859 0.511719 0.287109 0.515625 0.296875 0.521484 0.281250 0.519531 0.152344 0.513672 0.107422 0.515625 0.085938 0.509766 0.060547 0.513672 0.031250 0.509766 0.011719
