0 0.818359 0.851562 0.808594 0.843750 0.769531 0.843750 0.761719 0.841797 0.759766 0.843750 0.734375 0.843750 0.732422 0.845703 0.681641 0.845703 0.669922 0.857422 0.716797 0.855469 0.734375 0.859375 0.783203 0.861328 0.785156 0.859375 0.810547 0.859375
0 0.078125 0.847656 0.101562 0.853516 0.222656 0.849609 0.312500 0.859375 0.314453 0.837891 0.230469 0.841797 0.197266 0.832031 0.126953 0.830078
0 0.531250 0.779297 0.533203 0.781250 0.556641 0.781250 0.558594 0.783203 0.587891 0.785156 0.603516 0.810547 0.617188 0.826172 0.626953 0.828125 0.632812 0.810547 0.623047 0.787109 0.621094 0.765625 0.605469 0.740234 0.597656 0.746094 0.568359 0.757812 0.548828 0.771484
0 0.636719 0.654297 0.726562 0.658203 0.998047 0.654297 0.986328 0.636719 0.818359 0.634766 0.746094 0.626953 0.708984 0.605469 0.667969 0.626953
0 0.308594 0.412109 0.302734 0.582031 0.289062 0.607422 0.255859 0.623047 0.242188 0.644531 0.250000 0.652344 0.369141 0.654297 0.376953 0.630859 0.353516 0.595703 0.335938 0.505859 0.330078 0.417969
0 0.212891 0.183594 0.224609 0.197266 0.253906 0.205078 0.349609 0.208984 0.357422 0.228516 0.302734 0.232422 0.302734 0.255859 0.322266 0.261719 0.337891 0.279297 0.330078 0.296875 0.306641 0.306641 0.302734 0.343750 0.308594 0.375000 0.328125 0.388672 0.349609 0.388672 0.367188 0.378906 0.371094 0.212891 0.363281 0.177734 0.343750 0.183594 0.326172 0.164062 0.306641 0.156250 0.298828 0.175781 0.279297 0.185547 0.255859 0.177734
0 0.507812 0.148438 0.500000 0.156250 0.488281 0.263672 0.484375 0.427734 0.453125 0.482422 0.447266 0.550781 0.462891 0.556641 0.498047 0.542969 0.505859 0.582031 0.500000 0.613281 0.511719 0.630859 0.523438 0.630859 0.546875 0.615234 0.560547 0.556641 0.542969 0.341797 0.517578 0.179688 0.503906 0.162109
0 0.605469 0.058594 0.515625 0.052734 0.509766 0.042969 0.484375 0.033203 0.449219 0.054688 0.365234 0.054688 0.335938 0.066406 0.298828 0.068359 0.298828 0.080078 0.349609 0.074219 0.369141 0.091797 0.380859 0.089844 0.398438 0.152344 0.417969 0.097656 0.486328 0.095703 0.492188 0.128906 0.509766 0.117188 0.511719 0.089844 0.523438 0.072266 0.597656 0.074219
1 0.296875 0.906250 0.332031 0.906250 0.355469 0.902344 0.453125 0.902344 0.458984 0.884766 0.443359 0.882812 0.417969 0.890625 0.404297 0.882812 0.373047 0.882812 0.357422 0.886719 0.306641 0.884766
1 0.626953 0.781250 0.634766 0.791016 0.707031 0.791016 0.720703 0.794922 0.744141 0.794922 0.746094 0.796875 0.767578 0.794922 0.767578 0.785156 0.753906 0.781250 0.732422 0.771484 0.724609 0.771484 0.705078 0.765625 0.701172 0.767578 0.683594 0.767578 0.681641 0.769531 0.644531 0.765625
1 0.453125 0.667969 0.447266 0.667969 0.429688 0.677734 0.417969 0.693359 0.429688 0.734375 0.412109 0.763672 0.417969 0.800781 0.435547 0.798828 0.451172 0.791016 0.488281 0.791016 0.488281 0.777344 0.480469 0.763672 0.464844 0.750000 0.458984 0.730469 0.458984 0.712891 0.472656 0.703125 0.476562 0.693359 0.474609 0.675781 0.462891 0.673828
1 0.369141 0.095703 0.373047 0.501953 0.382812 0.546875 0.435547 0.552734 0.447266 0.486328 0.480469 0.423828 0.496094 0.164062 0.484375 0.142578 0.462891 0.132812 0.488281 0.103516 0.433594 0.105469 0.412109 0.121094 0.396484 0.160156 0.380859 0.095703
